  -1.244794718800000E+00   3.560785128900000E+01   3.090504331700000E+00   9.347209285900000E-01   9.556959600100000E-01   4.906677183500000E-01   7.500000000000000E+00
  -1.247083118700000E+00   3.561143824000000E+01   3.091098897700000E+00   9.347345362400000E-01   9.556894312500001E-01   4.906277649500000E-01   7.495590183100000E+00
  -1.284453082700000E+00   3.566998882700000E+01   3.100844680400000E+00   9.349566153400000E-01   9.555833982800001E-01   4.899768885200000E-01   7.423690878900000E+00
  -1.321890949600000E+00   3.572859876800000E+01   3.110689004300000E+00   9.351787708500000E-01   9.554782747900000E-01   4.893277735700000E-01   7.351875200000000E+00
  -1.359396729400000E+00   3.578726792900000E+01   3.120618119000000E+00   9.354009666600001E-01   9.553740676400000E-01   4.886804487600000E-01   7.280143252500000E+00
  -1.396970432200000E+00   3.584599615700000E+01   3.130638654600000E+00   9.356231886200000E-01   9.552707834200000E-01   4.880349091300000E-01   7.208495129300000E+00
  -1.434612068300000E+00   3.590478328500000E+01   3.140749385500000E+00   9.358454420100000E-01   9.551684284100000E-01   4.873911597400000E-01   7.136930910900000E+00
  -1.472321648300000E+00   3.596362913000000E+01   3.150953252500000E+00   9.360677477300000E-01   9.550670086000000E-01   4.867492041600000E-01   7.065450665000000E+00
  -1.510099183200000E+00   3.602253349400000E+01   3.161241428000000E+00   9.362900554600000E-01   9.549665297100000E-01   4.861090512500000E-01   6.994054446600000E+00
  -1.547944684100000E+00   3.608149616300000E+01   3.171622635700000E+00   9.365123723000000E-01   9.548669971400000E-01   4.854707114200000E-01   6.922742298200000E+00
  -1.585858162900000E+00   3.614051691000000E+01   3.182086133700000E+00   9.367347039200000E-01   9.547684160100000E-01   4.848341945700000E-01   6.851514249400000E+00
  -1.623839631400000E+00   3.619959549100000E+01   3.192647104000000E+00   9.369570126800000E-01   9.546707911300000E-01   4.841995029600000E-01   6.780370317700000E+00
  -1.661889102400000E+00   3.625873164900000E+01   3.203291599100000E+00   9.371792922800000E-01   9.545741270300000E-01   4.835666324500000E-01   6.709310507800000E+00
  -1.700006588700000E+00   3.631792511100000E+01   3.214021275800000E+00   9.374015980500000E-01   9.544784279300000E-01   4.829356035000000E-01   6.638334812000000E+00
  -1.738192103800000E+00   3.637717559100000E+01   3.224839969600000E+00   9.376238553000000E-01   9.543836977600000E-01   4.823064213800000E-01   6.567443210200000E+00
  -1.776445661900000E+00   3.643648278800000E+01   3.235743218700000E+00   9.378460371900000E-01   9.542899401500000E-01   4.816790863300000E-01   6.496635670100000E+00
  -1.814767277400000E+00   3.649584638700000E+01   3.246737130000000E+00   9.380682186600000E-01   9.541971584300000E-01   4.810536019100000E-01   6.425912147100000E+00
  -1.853156965700000E+00   3.655526605900000E+01   3.257813465700000E+00   9.382903255200000E-01   9.541053556300000E-01   4.804299757600000E-01   6.355272584400000E+00
  -1.891614742300000E+00   3.661474146400000E+01   3.268975283200000E+00   9.385123419400000E-01   9.540145344800000E-01   4.798082200800000E-01   6.284716913100000E+00
  -1.930140623800000E+00   3.667427224400000E+01   3.280218908100000E+00   9.387343185400000E-01   9.539246974300000E-01   4.791883301500000E-01   6.214245052300000E+00
  -1.968734627100000E+00   3.673385803200000E+01   3.291548219700000E+00   9.389561940500000E-01   9.538358466200000E-01   4.785703191500000E-01   6.143856909000000E+00
  -2.007396769900000E+00   3.679349844500000E+01   3.302961701400000E+00   9.391779338400000E-01   9.537479838800000E-01   4.779541899800000E-01   6.073552378700000E+00
  -2.046127070500000E+00   3.685319309000000E+01   3.314452164800000E+00   9.393996427900000E-01   9.536611107800000E-01   4.773399543700000E-01   6.003331344800000E+00
  -2.084925547900000E+00   3.691294155900000E+01   3.326032615100000E+00   9.396212237600000E-01   9.535752285600000E-01   4.767276093600000E-01   5.933193679300000E+00
  -2.123792221700000E+00   3.697274343200000E+01   3.337689386900000E+00   9.398426689400000E-01   9.534903381900000E-01   4.761171597000000E-01   5.863139242400000E+00
  -2.162727112200000E+00   3.703259827900000E+01   3.349423699900000E+00   9.400639880300000E-01   9.534064403400000E-01   4.755086094100000E-01   5.793167883100000E+00
  -2.201730240500000E+00   3.709250565400000E+01   3.361244479400000E+00   9.402851522600000E-01   9.533235354000000E-01   4.749019640500000E-01   5.723279438900000E+00
  -2.240801628200000E+00   3.715246510400000E+01   3.373139379600000E+00   9.405061710000000E-01   9.532416234500000E-01   4.742972383400000E-01   5.653473736100000E+00
  -2.279941297700000E+00   3.721247616200000E+01   3.385113696100000E+00   9.407270680599999E-01   9.531607043200000E-01   4.736944251400000E-01   5.583750589800000E+00
  -2.319149272100000E+00   3.727253834800000E+01   3.397162553300000E+00   9.409477830400000E-01   9.530807775100000E-01   4.730935300200000E-01   5.514109804400000E+00
  -2.358425574000000E+00   3.733265117300000E+01   3.409291775400000E+00   9.411683146599999E-01   9.530018422700000E-01   4.724945591200000E-01   5.444551175000000E+00
  -2.396237804500000E+00   3.739047189100000E+01   3.421020258700000E+00   9.413800938400000E-01   9.529269123800000E-01   4.719207194900000E-01   5.377776723900000E+00
  -2.421481038000000E+00   3.742904453300000E+01   3.428874052700000E+00   9.415211733000000E-01   9.528774668700000E-01   4.715391439900000E-01   5.333302382300000E+00
  -2.438325456300000E+00   3.745477088000000E+01   3.434128427500000E+00   9.416151451600000E-01   9.528447286300000E-01   4.712852110500000E-01   5.303671431700000E+00
  -2.449562001600000E+00   3.747192675600000E+01   3.437637889400000E+00   9.416778108000000E-01   9.528230032500000E-01   4.711161126500000E-01   5.283925724300000E+00
  -2.457056113500000E+00   3.748336621300000E+01   3.439983002800000E+00   9.417195779500001E-01   9.528085641400000E-01   4.710034656800000E-01   5.270765586900000E+00
  -2.462053558000000E+00   3.749099349500000E+01   3.441549983200000E+00   9.417474469800000E-01   9.527989578200000E-01   4.709284114200000E-01   5.261993790900000E+00
  -2.465385796500000E+00   3.749607878400000E+01   3.442593208300000E+00   9.417660024200000E-01   9.527925623900000E-01   4.708783920400000E-01   5.256146650600000E+00
  -2.467607559400000E+00   3.749946917000000E+01   3.443288953200000E+00   9.417783718400000E-01   9.527883026700000E-01   4.708450532900000E-01   5.252248878600000E+00
  -2.469088855000000E+00   3.750172951200000E+01   3.443752873400000E+00   9.417866098200000E-01   9.527854646000000E-01   4.708228246100000E-01   5.249650506900000E+00
  -2.470077271400000E+00   3.750323771600000E+01   3.444062480600000E+00   9.417921112400000E-01   9.527835717200001E-01   4.708079990000000E-01   5.247916862100000E+00
  -5.803071508400000E+00   4.235814093500000E+01   4.563254887400000E+00   9.578583678100000E-01   9.493896557100000E-01   4.301742406800000E-01   0.000000000000000E+00
  -1.390154897800000E+01   5.207503291400000E+01   6.518696133000000E+00   9.788754992499999E-01   9.463046130700000E-01   3.791011997100000E-01  -1.005309793800000E+01
  -1.390291475700000E+01   5.207648184100000E+01   6.518922257800000E+00   9.788776960700000E-01   9.463039686400000E-01   3.790957950800000E-01  -1.005461481200000E+01
  -1.390496066100000E+01   5.207865221600000E+01   6.519263215600000E+00   9.788809589200000E-01   9.463030033700000E-01   3.790877087500000E-01  -1.005688696400000E+01
  -1.390802963900000E+01   5.208190772900000E+01   6.519771585700000E+00   9.788858950200000E-01   9.463015555500000E-01   3.790755705200000E-01  -1.006029512800000E+01
  -1.391263338500000E+01   5.208679088400000E+01   6.520533939000000E+00   9.788932967000000E-01   9.462993840200000E-01   3.790573691900000E-01  -1.006540723200000E+01
  -1.391953962800000E+01   5.209411536200000E+01   6.521676889600000E+00   9.789043934700000E-01   9.462961271800000E-01   3.790300847200000E-01  -1.007307507100000E+01
  -1.392990039800000E+01   5.210510150600000E+01   6.523390150100000E+00   9.789210266100000E-01   9.462912429700000E-01   3.789891817900000E-01  -1.008457611300000E+01
  -1.394544471200000E+01   5.212157943800000E+01   6.525957751800000E+00   9.789459484300000E-01   9.462839190800000E-01   3.789278959900000E-01  -1.010182606100000E+01
  -1.396876828500000E+01   5.214629346100000E+01   6.529807767800000E+00   9.789832614000000E-01   9.462729389100000E-01   3.788361197500000E-01  -1.012769734000000E+01
  -1.400376959900000E+01   5.218335807200000E+01   6.535569369200000E+00   9.790391072600000E-01   9.462564821200000E-01   3.786988032000000E-01  -1.016649603600000E+01
  -1.405630738100000E+01   5.223894069200000E+01   6.544192523700000E+00   9.791225608600000E-01   9.462318297000000E-01   3.784936166700000E-01  -1.022467548000000E+01
  -1.411101799200000E+01   5.229675599200000E+01   6.553142451300000E+00   9.792090209099999E-01   9.462062248200001E-01   3.782811165200000E-01  -1.028518685900000E+01
  -1.416577481800000E+01   5.235455327000000E+01   6.562057307000000E+00   9.792950823400000E-01   9.461806713000001E-01   3.780696203500000E-01  -1.034567372000000E+01
  -1.422057769600000E+01   5.241233282500000E+01   6.570956877500000E+00   9.793807568400000E-01   9.461551739500000E-01   3.778591285400000E-01  -1.040613587400000E+01
  -1.427542645900000E+01   5.247009496300000E+01   6.579824852000000E+00   9.794660844300001E-01   9.461297375700000E-01   3.776496512000000E-01  -1.046657313000000E+01
  -1.433032094100000E+01   5.252783998500000E+01   6.588666238900000E+00   9.795510056700000E-01   9.461043670000000E-01   3.774411681500000E-01  -1.052698529900000E+01
  -1.438526097500000E+01   5.258556819800000E+01   6.597479872300000E+00   9.796355333400000E-01   9.460790671000000E-01   3.772336922000000E-01  -1.058737219000000E+01
  -1.444024639300000E+01   5.264327990900000E+01   6.606270150700000E+00   9.797197071700000E-01   9.460538427500000E-01   3.770272072200000E-01  -1.064773361200000E+01
  -1.449527702700000E+01   5.270097542500000E+01   6.615041087200000E+00   9.798035320800000E-01   9.460286988500000E-01   3.768217201900000E-01  -1.070806937600000E+01
  -1.455035270900000E+01   5.275865505600000E+01   6.623782886100000E+00   9.798869660000000E-01   9.460036403300000E-01   3.766172220500000E-01  -1.076837928900000E+01
  -1.460547326700000E+01   5.281631911200000E+01   6.632498473400000E+00   9.799700101900000E-01   9.459786721400000E-01   3.764137117500000E-01  -1.082866316100000E+01
  -1.466063853300000E+01   5.287396790500000E+01   6.641194660700000E+00   9.800527199000000E-01   9.459537992300000E-01   3.762111908900000E-01  -1.088892080100000E+01
  -1.471584833400000E+01   5.293160174600000E+01   6.649861055500000E+00   9.801350447200000E-01   9.459290265800000E-01   3.760096516100000E-01  -1.094915201800000E+01
  -1.477110250000000E+01   5.298922095000000E+01   6.658508278900000E+00   9.802170079300000E-01   9.459043592000000E-01   3.758090883800000E-01  -1.100935662100000E+01
  -1.482640085700000E+01   5.304682583100000E+01   6.667133864200000E+00   9.802985884900000E-01   9.458798020900000E-01   3.756095146300000E-01  -1.106953441800000E+01
  -1.488174323100000E+01   5.310441670500000E+01   6.675730561100000E+00   9.803798552700000E-01   9.458553602899999E-01   3.754109152400000E-01  -1.112968521900000E+01
  -1.493712944900000E+01   5.316199388900000E+01   6.684306716300000E+00   9.804607445400000E-01   9.458310388500000E-01   3.752132879900000E-01  -1.118980883400000E+01
  -1.499255933600000E+01   5.321955770000000E+01   6.692867094400000E+00   9.805412716600000E-01   9.458068428200000E-01   3.750166314900000E-01  -1.124990507100000E+01
  -1.504803271500000E+01   5.327710845700000E+01   6.701399472500000E+00   9.806214257400000E-01   9.457827772900000E-01   3.748209423800000E-01  -1.130997374000000E+01
  -1.510354941000000E+01   5.333464648000000E+01   6.709912257200000E+00   9.807012657500001E-01   9.457588473300000E-01   3.746262251900000E-01  -1.137001465100000E+01
  -1.515910924300000E+01   5.339217208800000E+01   6.718397473400000E+00   9.807807265000000E-01   9.457350580600000E-01   3.744324692400000E-01  -1.143002761400000E+01
  -1.521471203600000E+01   5.344968560200000E+01   6.726871686800000E+00   9.808598704100000E-01   9.457114145700000E-01   3.742396737200000E-01  -1.149001244100000E+01
  -1.527035760900000E+01   5.350718734600000E+01   6.735320588100000E+00   9.809386508300000E-01   9.456879220100000E-01   3.740478411000000E-01  -1.154996894100000E+01
  -1.532604578100000E+01   5.356467764200000E+01   6.743744759300000E+00   9.810170760100000E-01   9.456645854900000E-01   3.738569621200000E-01  -1.160989692600000E+01
  -1.538177637300000E+01   5.362215681200000E+01   6.752154547900000E+00   9.810951505900000E-01   9.456414101700000E-01   3.736670367900000E-01  -1.166979620700000E+01
  -1.543754920100000E+01   5.367962518300000E+01   6.760538055700000E+00   9.811729086400000E-01   9.456184011900000E-01   3.734780679100000E-01  -1.172966659800000E+01
  -1.549336408200000E+01   5.373708307800000E+01   6.768911012900000E+00   9.812503307000000E-01   9.455955637300000E-01   3.732900522400000E-01  -1.178950790900000E+01
  -1.554922083200000E+01   5.379453082400000E+01   6.777258582100000E+00   9.813273963200000E-01   9.455729029500000E-01   3.731029833600000E-01  -1.184931995500000E+01
  -1.560511926700000E+01   5.385196874700000E+01   6.785588615200000E+00   9.814041345900000E-01   9.455504240200000E-01   3.729168557300000E-01  -1.190910254900000E+01
  -1.566105919900000E+01   5.390939717400000E+01   6.793893779400000E+00   9.814805167700000E-01   9.455281321400000E-01   3.727316760500000E-01  -1.196885550600000E+01
  -1.571704044100000E+01   5.396681643400000E+01   6.802190570700000E+00   9.815565950500000E-01   9.455060325000000E-01   3.725474365700000E-01  -1.202857863900000E+01
  -1.577306280600000E+01   5.402422685400000E+01   6.810460113500000E+00   9.816323406200000E-01   9.454841302900000E-01   3.723641324800000E-01  -1.208827176400000E+01
  -1.582912610500000E+01   5.408162876500000E+01   6.818718810700000E+00   9.817077414399999E-01   9.454624307100000E-01   3.721817650200000E-01  -1.214793469800000E+01
  -1.588523014600000E+01   5.413902249500000E+01   6.826956870100000E+00   9.817828014100000E-01   9.454409389800000E-01   3.720003342600000E-01  -1.220756725700000E+01
  -1.594137473800000E+01   5.419640837600000E+01   6.835177354400000E+00   9.818575564599999E-01   9.454196603000000E-01   3.718198407000000E-01  -1.226716925800000E+01
  -1.599755968900000E+01   5.425378673800000E+01   6.843376805600000E+00   9.819320052200000E-01   9.453985998800000E-01   3.716402712200000E-01  -1.232674052000000E+01
  -1.605378480600000E+01   5.431115791200000E+01   6.851564179100000E+00   9.820061131400000E-01   9.453777629500000E-01   3.714616290200000E-01  -1.238628086100000E+01
  -1.611004989300000E+01   5.436852223100000E+01   6.859734308900000E+00   9.820798942100000E-01   9.453571547200000E-01   3.712839138000000E-01  -1.244579010000000E+01
  -1.616635475500000E+01   5.442588002800000E+01   6.867881689500000E+00   9.821533631000000E-01   9.453367804200000E-01   3.711071202000000E-01  -1.250526805900000E+01
  -1.622269919400000E+01   5.448323163500000E+01   6.876023230300000E+00   9.822264962700000E-01   9.453166452700000E-01   3.709312518300000E-01  -1.256471455700000E+01
  -1.627908301300000E+01   5.454057738700000E+01   6.884143043500000E+00   9.822993359000000E-01   9.452967544899999E-01   3.707563055000000E-01  -1.262412941800000E+01
  -1.633550601200000E+01   5.459791761800000E+01   6.892248187800000E+00   9.823718556700000E-01   9.452771133100000E-01   3.705822711800000E-01  -1.268351246400000E+01
  -1.639196799100000E+01   5.465525266200000E+01   6.900332318500000E+00   9.824440446000000E-01   9.452577269600000E-01   3.704091513800000E-01  -1.274286351800000E+01
  -1.644846874700000E+01   5.471258285500000E+01   6.908411904900000E+00   9.825159333000000E-01   9.452386006500000E-01   3.702369462700000E-01  -1.280218240400000E+01
  -1.650500807800000E+01   5.476990853200000E+01   6.916468914100000E+00   9.825875273300000E-01   9.452197396200001E-01   3.700656507000000E-01  -1.286146894900000E+01
  -1.656158578000000E+01   5.482723003000000E+01   6.924512862400000E+00   9.826587952600000E-01   9.452011490800000E-01   3.698952633700000E-01  -1.292072297800000E+01
  -1.661820164700000E+01   5.488454768500000E+01   6.932542620300000E+00   9.827297603200000E-01   9.451828342500000E-01   3.697257821900000E-01  -1.297994431900000E+01
  -1.667485547200000E+01   5.494186183500000E+01   6.940561266700000E+00   9.828004193200000E-01   9.451648003599999E-01   3.695572051300000E-01  -1.303913279900000E+01
  -1.673154704800000E+01   5.499917281800000E+01   6.948560130100000E+00   9.828707570000000E-01   9.451470526200000E-01   3.693895301400000E-01  -1.309828824700000E+01
  -1.678827616500000E+01   5.505648097000000E+01   6.956550688600000E+00   9.829408177100000E-01   9.451295962400000E-01   3.692227534400000E-01  -1.315741049400000E+01
  -1.684504261200000E+01   5.511378663200000E+01   6.964520538300000E+00   9.830105521100000E-01   9.451124364300000E-01   3.690568762000000E-01  -1.321649937100000E+01
  -1.690184617800000E+01   5.517109014200000E+01   6.972487059500000E+00   9.830800207600000E-01   9.450955783900000E-01   3.688918949100000E-01  -1.327555470800000E+01
  -1.695868665000000E+01   5.522839183900000E+01   6.980435478600000E+00   9.831491664200001E-01   9.450790273300000E-01   3.687278132400000E-01  -1.333457634000000E+01
  -1.701556381300000E+01   5.528569206300000E+01   6.988370653900000E+00   9.832180289500000E-01   9.450627884400000E-01   3.685646192100000E-01  -1.339356410000000E+01
  -1.707247745000000E+01   5.534299115500000E+01   6.996290621800000E+00   9.832865791600000E-01   9.450468669200000E-01   3.684023148900000E-01  -1.345251782300000E+01
  -1.712942734600000E+01   5.540028945600000E+01   7.004202868400000E+00   9.833548495900000E-01   9.450312679400000E-01   3.682408983200000E-01  -1.351143734400000E+01
  -1.718641328000000E+01   5.545758730600000E+01   7.012104836200000E+00   9.834228191900000E-01   9.450159966800000E-01   3.680803669500000E-01  -1.357032250100000E+01
  -1.724343503400000E+01   5.551488504800000E+01   7.019989176300000E+00   9.834904809300000E-01   9.450010583300000E-01   3.679207192800000E-01  -1.362917313200000E+01
  -1.730049238600000E+01   5.557218302300000E+01   7.027867021900000E+00   9.835578890000000E-01   9.449864580400000E-01   3.677619543900000E-01  -1.368798907600000E+01
  -1.735758511300000E+01   5.562948157400000E+01   7.035730529600000E+00   9.836249894000000E-01   9.449722009700000E-01   3.676040681800000E-01  -1.374677017300000E+01
  -1.741471299000000E+01   5.568678104400000E+01   7.043580378700000E+00   9.836917862200000E-01   9.449582922799999E-01   3.674470596000000E-01  -1.380551626300000E+01
  -1.747187579300000E+01   5.574408177700000E+01   7.051421831900000E+00   9.837583298000000E-01   9.449447371100000E-01   3.672909239200000E-01  -1.386422719000000E+01
  -1.752907329300000E+01   5.580138411600000E+01   7.059257319000000E+00   9.838245723700000E-01   9.449315405900000E-01   3.671356645600000E-01  -1.392290279700000E+01
  -1.758630526300000E+01   5.585868840600000E+01   7.067078342400000E+00   9.838905155800000E-01   9.449187078600000E-01   3.669812767300000E-01  -1.398154292700000E+01
  -1.764357147100000E+01   5.591599499100000E+01   7.074889590900000E+00   9.839562100300000E-01   9.449062440300000E-01   3.668277585000000E-01  -1.404014742700000E+01
  -1.770087168800000E+01   5.597330421600000E+01   7.082688094900000E+00   9.840215998900000E-01   9.448941542100000E-01   3.666751082300000E-01  -1.409871614300000E+01
  -1.775820567900000E+01   5.603061642800000E+01   7.090478302800000E+00   9.840866985400000E-01   9.448824434999999E-01   3.665233236500000E-01  -1.415724892300000E+01
  -1.781557321100000E+01   5.608793197300000E+01   7.098260623100000E+00   9.841515355700000E-01   9.448711170000000E-01   3.663724034800000E-01  -1.421574561600000E+01
  -1.787297404600000E+01   5.614525119600000E+01   7.106030248300000E+00   9.842161172700000E-01   9.448601797800000E-01   3.662223442200000E-01  -1.427420607000000E+01
  -1.793040794800000E+01   5.620257444600000E+01   7.113796206100000E+00   9.842804076000000E-01   9.448496369100000E-01   3.660731446600000E-01  -1.433263013800000E+01
  -1.798787467700000E+01   5.625990206900000E+01   7.121545673100000E+00   9.843444133400000E-01   9.448394934600000E-01   3.659248004600000E-01  -1.439101767200000E+01
  -1.804537399200000E+01   5.631723441300000E+01   7.129293148600000E+00   9.844081318500000E-01   9.448297544599999E-01   3.657773133500000E-01  -1.444936852400000E+01
  -1.810290565100000E+01   5.637457182800000E+01   7.137029978500000E+00   9.844716179300000E-01   9.448204249700000E-01   3.656306798500000E-01  -1.450768255000000E+01
  -1.816046941100000E+01   5.643191466200000E+01   7.144757922000000E+00   9.845347987900001E-01   9.448115100100000E-01   3.654849032700000E-01  -1.456595960400000E+01
  -1.821806502500000E+01   5.648926326400000E+01   7.152475144800000E+00   9.845977349500000E-01   9.448030145800000E-01   3.653399724800000E-01  -1.462419954300000E+01
  -1.827569224700000E+01   5.654661798600000E+01   7.160186154900000E+00   9.846604011000000E-01   9.447949436900001E-01   3.651958894500000E-01  -1.468240222500000E+01
  -1.833335082800000E+01   5.660397917600000E+01   7.167892242400000E+00   9.847227900200000E-01   9.447873023400000E-01   3.650526485600000E-01  -1.474056750900000E+01
  -1.839104051700000E+01   5.666134718700000E+01   7.175584755300000E+00   9.847849005000000E-01   9.447800955000000E-01   3.649102564400000E-01  -1.479869525500000E+01
  -1.844876106200000E+01   5.671872236900000E+01   7.183275041600000E+00   9.848467628399999E-01   9.447733281300000E-01   3.647687062000000E-01  -1.485678532300000E+01
  -1.850651221000000E+01   5.677610507600000E+01   7.190957625300000E+00   9.849083455500000E-01   9.447670051900000E-01   3.646279934300000E-01  -1.491483757600000E+01
  -1.856429370500000E+01   5.683349565900000E+01   7.198630123500000E+00   9.849696990600000E-01   9.447611316100000E-01   3.644881216300000E-01  -1.497285187700000E+01
  -1.862210529100000E+01   5.689089447200000E+01   7.206295860100000E+00   9.850307764900000E-01   9.447557123300000E-01   3.643490857800000E-01  -1.503082809100000E+01
  -1.867994670700000E+01   5.694830186900000E+01   7.213957141200000E+00   9.850915847700000E-01   9.447507522400000E-01   3.642108793500000E-01  -1.508876608300000E+01
  -1.873781769500000E+01   5.700571820500000E+01   7.221611019100000E+00   9.851521199300000E-01   9.447462562500000E-01   3.640735107300000E-01  -1.514666572000000E+01
  -1.879571799100000E+01   5.706314383300000E+01   7.229260968800000E+00   9.852124296900000E-01   9.447422292400000E-01   3.639369721500000E-01  -1.520452687000000E+01
  -1.885364733200000E+01   5.712057911100000E+01   7.236897416900000E+00   9.852724746300000E-01   9.447386760800000E-01   3.638012620200000E-01  -1.526234940100000E+01
  -1.891160545100000E+01   5.717802439400000E+01   7.244537420500000E+00   9.853322456100000E-01   9.447356016300000E-01   3.636663772900000E-01  -1.532013318400000E+01
  -1.896959208200000E+01   5.723548003900000E+01   7.252165817800000E+00   9.853917719600001E-01   9.447330107100000E-01   3.635323166100000E-01  -1.537787808900000E+01
  -1.902760695400000E+01   5.729294640400000E+01   7.259790740500000E+00   9.854510387500000E-01   9.447309081600000E-01   3.633990766600000E-01  -1.543558398900000E+01
  -1.908564979700000E+01   5.735042384700000E+01   7.267407891400000E+00   9.855100795200000E-01   9.447292987900000E-01   3.632666574300000E-01  -1.549325075600000E+01
  -1.914372033800000E+01   5.740791272700000E+01   7.275018583700000E+00   9.855688548600000E-01   9.447281873800000E-01   3.631350562200000E-01  -1.555087826700000E+01
  -1.920181830200000E+01   5.746541340400000E+01   7.282629666400000E+00   9.856273716400000E-01   9.447275787200000E-01   3.630042770400000E-01  -1.560846639500000E+01
  -1.925994341200000E+01   5.752292623700000E+01   7.290227572100000E+00   9.856856479800000E-01   9.447274775600000E-01   3.628743073100000E-01  -1.566601501700000E+01
  -1.931809539000000E+01   5.758045158900000E+01   7.297829890600000E+00   9.857436624100000E-01   9.447278886500000E-01   3.627451548900000E-01  -1.572352401100000E+01
  -1.937627395500000E+01   5.763798982000000E+01   7.305420917300000E+00   9.858014486700000E-01   9.447288167300000E-01   3.626168152900000E-01  -1.578099325500000E+01
  -1.943447882500000E+01   5.769554129400000E+01   7.313012308800000E+00   9.858589758400000E-01   9.447302664900000E-01   3.624892797800000E-01  -1.583842263000000E+01
  -1.949270971600000E+01   5.775310637400000E+01   7.320593549500000E+00   9.859162445000000E-01   9.447322426500000E-01   3.623625504200000E-01  -1.589581201500000E+01
  -1.955096634100000E+01   5.781068542300000E+01   7.328176352500000E+00   9.859732886500000E-01   9.447347498699999E-01   3.622366309800000E-01  -1.595316129400000E+01
  -1.960924841300000E+01   5.786827880800000E+01   7.335750066100000E+00   9.860300986100000E-01   9.447377928300000E-01   3.621115124900000E-01  -1.601047034700000E+01
  -1.966755564100000E+01   5.792588689300000E+01   7.343321398900000E+00   9.860866644900000E-01   9.447413761600000E-01   3.619871942300000E-01  -1.606773906000000E+01
  -1.972588773400000E+01   5.798351004600000E+01   7.350892071800000E+00   9.861429750800000E-01   9.447455045000001E-01   3.618636752400000E-01  -1.612496731800000E+01
  -1.978424439700000E+01   5.804114863300000E+01   7.358453063500000E+00   9.861990343400000E-01   9.447501824500000E-01   3.617409520700000E-01  -1.618215500500000E+01
  -1.984262533400000E+01   5.809880302400000E+01   7.366015667100000E+00   9.862548904000000E-01   9.447554146100000E-01   3.616190230600000E-01  -1.623930200900000E+01
  -1.990103024700000E+01   5.815647358700000E+01   7.373574689500000E+00   9.863104895200000E-01   9.447612055600000E-01   3.614978903400000E-01  -1.629640821800000E+01
  -1.995945883700000E+01   5.821416069300000E+01   7.381125993000000E+00   9.863658584000000E-01   9.447675598500000E-01   3.613775527200000E-01  -1.635347352100000E+01
  -2.001791080000000E+01   5.827186471400000E+01   7.388677877300000E+00   9.864209783200000E-01   9.447744820200000E-01   3.612580033800000E-01  -1.641049780800000E+01
  -2.007638583200000E+01   5.832958602000000E+01   7.396224282700000E+00   9.864758774200000E-01   9.447819765900000E-01   3.611392386900000E-01  -1.646748096900000E+01
  -2.013488362800000E+01   5.838732498500000E+01   7.403773062900000E+00   9.865305269300000E-01   9.447900480700000E-01   3.610212619000000E-01  -1.652442289500000E+01
  -2.019340387800000E+01   5.844508198500000E+01   7.411313375800000E+00   9.865849419600000E-01   9.447987009400000E-01   3.609040673100000E-01  -1.658132348100000E+01
  -2.025194627200000E+01   5.850285739200000E+01   7.418853110500000E+00   9.866391498200000E-01   9.448079396800000E-01   3.607876486700000E-01  -1.663818261900000E+01
  -2.031051049600000E+01   5.856065158500000E+01   7.426392712000000E+00   9.866931153400000E-01   9.448177687200000E-01   3.606720185200000E-01  -1.669500020300000E+01
  -2.036909623700000E+01   5.861846494000000E+01   7.433924225000000E+00   9.867468380300000E-01   9.448281925000001E-01   3.605571656300000E-01  -1.675177613100000E+01
  -2.042770317700000E+01   5.867629783600000E+01   7.441460380400000E+00   9.868003434300000E-01   9.448392154300000E-01   3.604430865500000E-01  -1.680851029600000E+01
  -2.048633099500000E+01   5.873415065200000E+01   7.448987027900000E+00   9.868536002100000E-01   9.448508418900000E-01   3.603297789500000E-01  -1.686520259800000E+01
  -2.054497937200000E+01   5.879202376900000E+01   7.456518553600000E+00   9.869066645200000E-01   9.448630762800000E-01   3.602172413000000E-01  -1.692185293400000E+01
  -2.060364798100000E+01   5.884991756900000E+01   7.464042721000000E+00   9.869594864500000E-01   9.448759229300000E-01   3.601054831300000E-01  -1.697846120300000E+01
  -2.066233649900000E+01   5.890783243500000E+01   7.471570070400000E+00   9.870120655100000E-01   9.448893861800000E-01   3.599944847500000E-01  -1.703502730400000E+01
  -2.072104459500000E+01   5.896576875100000E+01   7.479094463300000E+00   9.870644448100000E-01   9.449034703500000E-01   3.598842519700000E-01  -1.709155113900000E+01
  -2.077977193800000E+01   5.902372690300000E+01   7.486610780600000E+00   9.871165990900000E-01   9.449181797400000E-01   3.597747855700000E-01  -1.714803260800000E+01
  -2.083851819700000E+01   5.908170727900000E+01   7.494136271600000E+00   9.871685180999999E-01   9.449335186200000E-01   3.596660856700000E-01  -1.720447161500000E+01
  -2.089728303400000E+01   5.913971026500000E+01   7.501654694500000E+00   9.872202030500000E-01   9.449494912400001E-01   3.595581435500000E-01  -1.726086806200000E+01
  -2.095606611200000E+01   5.919773625200000E+01   7.509169218300000E+00   9.872717019900000E-01   9.449661018600000E-01   3.594509568200000E-01  -1.731722185200000E+01
  -2.101486709100000E+01   5.925578563000000E+01   7.516689815500000E+00   9.873229553500000E-01   9.449833546900001E-01   3.593445275300000E-01  -1.737353289100000E+01
  -2.107368562700000E+01   5.931385879300000E+01   7.524203653300000E+00   9.873739774700000E-01   9.450012539200000E-01   3.592388497600000E-01  -1.742980108400000E+01
  -2.113252137600000E+01   5.937195613300000E+01   7.531719789000000E+00   9.874248210000000E-01   9.450198037400001E-01   3.591339230400000E-01  -1.748602633700000E+01
  -2.119137398800000E+01   5.943007804600000E+01   7.539229047800000E+00   9.874754150100000E-01   9.450390083000000E-01   3.590297494700000E-01  -1.754220855600000E+01
  -2.125024311500000E+01   5.948822492800000E+01   7.546745770900000E+00   9.875257937900001E-01   9.450588717500000E-01   3.589263265500000E-01  -1.759834764900000E+01
  -2.130912840200000E+01   5.954639717800000E+01   7.554258847400000E+00   9.875759665100000E-01   9.450793982000000E-01   3.588236441600000E-01  -1.765444352400000E+01
  -2.136802949400000E+01   5.960459519500000E+01   7.561766481700000E+00   9.876259241400001E-01   9.451005917600001E-01   3.587217104900000E-01  -1.771049609000000E+01
  -2.142694603300000E+01   5.966281938100000E+01   7.569280783700000E+00   9.876756750500000E-01   9.451224565100000E-01   3.586205158500000E-01  -1.776650525700000E+01
  -2.148587765900000E+01   5.972107013900000E+01   7.576791595400000E+00   9.877251856200000E-01   9.451449965099999E-01   3.585200583000000E-01  -1.782247093300000E+01
  -2.154482400700000E+01   5.977934787300000E+01   7.584302879500000E+00   9.877745136800000E-01   9.451682158000000E-01   3.584203406700000E-01  -1.787839303000000E+01
  -2.160378471200000E+01   5.983765299000000E+01   7.591808227400000E+00   9.878236184500000E-01   9.451921183999999E-01   3.583213635800000E-01  -1.793427146000000E+01
  -2.166275940500000E+01   5.989598589700000E+01   7.599318911400000E+00   9.878724914800000E-01   9.452167083100000E-01   3.582231149500000E-01  -1.799010613300000E+01
  -2.172174771300000E+01   5.995434700500000E+01   7.606832761900000E+00   9.879211864800000E-01   9.452419895200000E-01   3.581255957200000E-01  -1.804589696200000E+01
  -2.178074926300000E+01   6.001273672500000E+01   7.614343152900000E+00   9.879696607900000E-01   9.452679659800000E-01   3.580288146700000E-01  -1.810164386000000E+01
  -2.183976367700000E+01   6.007115547000000E+01   7.621853696600000E+00   9.880179139400000E-01   9.452946416400000E-01   3.579327532000000E-01  -1.815734674000000E+01
  -2.189879057600000E+01   6.012960365500000E+01   7.629362137000000E+00   9.880659767300000E-01   9.453220204100000E-01   3.578374245000000E-01  -1.821300551600000E+01
  -2.195782957500000E+01   6.018808169900000E+01   7.636871433100000E+00   9.881138214200000E-01   9.453501062200000E-01   3.577428156800000E-01  -1.826862010300000E+01
  -2.201688028900000E+01   6.024659001900000E+01   7.644384597000000E+00   9.881614485600000E-01   9.453789029200000E-01   3.576489277800000E-01  -1.832419041400000E+01
  -2.207594233000000E+01   6.030512903700000E+01   7.651895499100000E+00   9.882088893400000E-01   9.454084143900000E-01   3.575557557800000E-01  -1.837971636500000E+01
  -2.213501530500000E+01   6.036369917500000E+01   7.659402753700000E+00   9.882561285600000E-01   9.454386444800000E-01   3.574633041400000E-01  -1.843519787200000E+01
  -2.219409882000000E+01   6.042230086000000E+01   7.666917018000000E+00   9.883031427400000E-01   9.454695969900000E-01   3.573715719200000E-01  -1.849063485000000E+01
  -2.225319247600000E+01   6.048093451800000E+01   7.674432270700000E+00   9.883499639300000E-01   9.455012757500000E-01   3.572805461800000E-01  -1.854602721600000E+01
  -2.231229587300000E+01   6.053960057900000E+01   7.681942438700000E+00   9.883965953400000E-01   9.455336845200000E-01   3.571902311000000E-01  -1.860137488600000E+01
  -2.237140860600000E+01   6.059829947400000E+01   7.689458800600000E+00   9.884430131300000E-01   9.455668270799999E-01   3.571006273800000E-01  -1.865667777600000E+01
  -2.243053026800000E+01   6.065703163700000E+01   7.696968514200000E+00   9.884892312500000E-01   9.456007071700000E-01   3.570117352400000E-01  -1.871193580400000E+01
  -2.248966044900000E+01   6.071579750400000E+01   7.704488011100000E+00   9.885352387100000E-01   9.456353285300000E-01   3.569235433900000E-01  -1.876714888800000E+01
  -2.254879873400000E+01   6.077459751400000E+01   7.712000571500000E+00   9.885810451700000E-01   9.456706948400000E-01   3.568360505000000E-01  -1.882231694300000E+01
  -2.260794470700000E+01   6.083343210600000E+01   7.719521573600000E+00   9.886266780400000E-01   9.457068098100000E-01   3.567492601300000E-01  -1.887743989000000E+01
  -2.266709794600000E+01   6.089230172500000E+01   7.727037816900000E+00   9.886721025100000E-01   9.457436770900000E-01   3.566631726000000E-01  -1.893251764400000E+01
  -2.272625802900000E+01   6.095120681600000E+01   7.734553977400000E+00   9.887173158700000E-01   9.457813003500000E-01   3.565777772900000E-01  -1.898755012300000E+01
  -2.278542452800000E+01   6.101014782700000E+01   7.742076880800000E+00   9.887623494700000E-01   9.458196832000000E-01   3.564930746000000E-01  -1.904253724700000E+01
  -2.284459701200000E+01   6.106912520900000E+01   7.749598430600000E+00   9.888071770400000E-01   9.458588292700000E-01   3.564090587500000E-01  -1.909747893300000E+01
  -2.290377504800000E+01   6.112813941400000E+01   7.757119404100000E+00   9.888518004700000E-01   9.458987421400000E-01   3.563257383300000E-01  -1.915237509900000E+01
  -2.296295819600000E+01   6.118719089900000E+01   7.764639598200000E+00   9.888962397100000E-01   9.459394253900000E-01   3.562431113100000E-01  -1.920722566300000E+01
  -2.302214601700000E+01   6.124628012300000E+01   7.772167697500000E+00   9.889404960300000E-01   9.459808825700000E-01   3.561611644300000E-01  -1.926203054300000E+01
  -2.308133806400000E+01   6.130540754700000E+01   7.779690721500000E+00   9.889845281300000E-01   9.460231172300000E-01   3.560798996500000E-01  -1.931678965800000E+01
  -2.314053389000000E+01   6.136457363400000E+01   7.787219681500000E+00   9.890284033400000E-01   9.460661328800000E-01   3.559993137500000E-01  -1.937150292400000E+01
  -2.319973304100000E+01   6.142377885300000E+01   7.794744256200000E+00   9.890720771200000E-01   9.461099330300000E-01   3.559194038200000E-01  -1.942617026100000E+01
  -2.325893506200000E+01   6.148302367200000E+01   7.802271663200000E+00   9.891155532000000E-01   9.461545211500000E-01   3.558401806500000E-01  -1.948079158500000E+01
  -2.331813949100000E+01   6.154230856600000E+01   7.809806694300000E+00   9.891588373800000E-01   9.461999007200000E-01   3.557616232100000E-01  -1.953536681300000E+01
  -2.337734586700000E+01   6.160163401000000E+01   7.817337427600000E+00   9.892019223400000E-01   9.462460751900000E-01   3.556837370000000E-01  -1.958989586400000E+01
  -2.343655371900000E+01   6.166100048300000E+01   7.824871767300000E+00   9.892448249300000E-01   9.462930479800000E-01   3.556065267900000E-01  -1.964437865300000E+01
  -2.349576257600000E+01   6.172040846700000E+01   7.832404073300000E+00   9.892875525500000E-01   9.463408225000000E-01   3.555299823900000E-01  -1.969881509700000E+01
  -2.355497196200000E+01   6.177985844800000E+01   7.839939349900000E+00   9.893300908700000E-01   9.463894021700000E-01   3.554540973200000E-01  -1.975320511200000E+01
  -2.361418139700000E+01   6.183935091500000E+01   7.847475123500000E+00   9.893724251400000E-01   9.464387903600000E-01   3.553788812300000E-01  -1.980754861400000E+01
  -2.367339039700000E+01   6.189888635900000E+01   7.855016946300000E+00   9.894145755600000E-01   9.464889904300000E-01   3.553043258300000E-01  -1.986184551900000E+01
  -2.373259847200000E+01   6.195846527600000E+01   7.862557940500000E+00   9.894565588399999E-01   9.465400057300000E-01   3.552304227100000E-01  -1.991609574000000E+01
  -2.379180512900000E+01   6.201808816600000E+01   7.870094947500000E+00   9.894983311900000E-01   9.465918395900000E-01   3.551571812200000E-01  -1.997029919300000E+01
  -2.385100987200000E+01   6.207775553000000E+01   7.877642119500000E+00   9.895399396300000E-01   9.466444953399999E-01   3.550845895000000E-01  -2.002445579000000E+01
  -2.391021219800000E+01   6.213746787500000E+01   7.885187004200000E+00   9.895813648600000E-01   9.466979762700000E-01   3.550126565500000E-01  -2.007856544500000E+01
  -2.396941160100000E+01   6.219722571100000E+01   7.892730584400000E+00   9.896225983600000E-01   9.467522856700000E-01   3.549413617600000E-01  -2.013262807000000E+01
  -2.402860757000000E+01   6.225702955100000E+01   7.900281132200000E+00   9.896636487700000E-01   9.468074268100000E-01   3.548707259200000E-01  -2.018664357700000E+01
  -2.408779958900000E+01   6.231687991200000E+01   7.907827592500000E+00   9.897045083600000E-01   9.468634029400000E-01   3.548007280400000E-01  -2.024061187600000E+01
  -2.414698713800000E+01   6.237677731600000E+01   7.915378366800000E+00   9.897452021399999E-01   9.469202173100000E-01   3.547313736000000E-01  -2.029453287800000E+01
  -2.420616969100000E+01   6.243672228800000E+01   7.922929999700000E+00   9.897856960700000E-01   9.469778731500000E-01   3.546626520900000E-01  -2.034840649100000E+01
  -2.426534672000000E+01   6.249671535800000E+01   7.930486211500000E+00   9.898260289400000E-01   9.470363736700000E-01   3.545945799200000E-01  -2.040223262400000E+01
  -2.432451768900000E+01   6.255675705800000E+01   7.938041188000000E+00   9.898661833900000E-01   9.470957220800000E-01   3.545271389100000E-01  -2.045601118400000E+01
  -2.438368205700000E+01   6.261684792700000E+01   7.945594446300000E+00   9.899061417900000E-01   9.471559215499999E-01   3.544603251300000E-01  -2.050974207600000E+01
  -2.444283928000000E+01   6.267698850600000E+01   7.953153740900000E+00   9.899459257700000E-01   9.472169752700000E-01   3.543941464200000E-01  -2.056342520700000E+01
  -2.450198880700000E+01   6.273717934200000E+01   7.960711539800000E+00   9.899855425600000E-01   9.472788863900000E-01   3.543285974600000E-01  -2.061706047900000E+01
  -2.456113008400000E+01   6.279742098600000E+01   7.968274190800000E+00   9.900249688200000E-01   9.473416580800000E-01   3.542636718300000E-01  -2.067064779600000E+01
  -2.462026254800000E+01   6.285771399200000E+01   7.975838067800000E+00   9.900642382000000E-01   9.474052934600000E-01   3.541993620000000E-01  -2.072418705800000E+01
  -2.467938563500000E+01   6.291805892100000E+01   7.983400949700000E+00   9.901033069900000E-01   9.474697956700000E-01   3.541356833000000E-01  -2.077767816600000E+01
  -2.473849877000000E+01   6.297845633700000E+01   7.990966586300000E+00   9.901422194200000E-01   9.475351678200000E-01   3.540726222200000E-01  -2.083112101800000E+01
  -2.479760137900000E+01   6.303890681100000E+01   7.998528098600000E+00   9.901809578000000E-01   9.476014130200000E-01   3.540101771700000E-01  -2.088451551100000E+01
  -2.485669287600000E+01   6.309941091600000E+01   8.006097993599999E+00   9.902194994200000E-01   9.476685343700000E-01   3.539483386000000E-01  -2.093786154000000E+01
  -2.491577267300000E+01   6.315996923100000E+01   8.013668893300000E+00   9.902578931500000E-01   9.477365349600000E-01   3.538871171200000E-01  -2.099115900000000E+01
  -2.497484017500000E+01   6.322058234200000E+01   8.021241108300000E+00   9.902961056200000E-01   9.478054178600001E-01   3.538265055300000E-01  -2.104440778300000E+01
  -2.503389478100000E+01   6.328125083800000E+01   8.028809224700000E+00   9.903341361500000E-01   9.478751861400000E-01   3.537664907800000E-01  -2.109760777800000E+01
  -2.509293588400000E+01   6.334197531500000E+01   8.036384635699999E+00   9.903720055300000E-01   9.479458428600001E-01   3.537070919900000E-01  -2.115075887500000E+01
  -2.515196287100000E+01   6.340275637200000E+01   8.043960325800001E+00   9.904096955100000E-01   9.480173910800000E-01   3.536482862000000E-01  -2.120386096000000E+01
  -2.521097512200000E+01   6.346359461500000E+01   8.051534575100000E+00   9.904472154800000E-01   9.480898338500000E-01   3.535900803800000E-01  -2.125691391700000E+01
  -2.526997201000000E+01   6.352449065700000E+01   8.059108855700000E+00   9.904845700400000E-01   9.481631742000000E-01   3.535324740100000E-01  -2.130991762800000E+01
  -2.532895290500000E+01   6.358544511500000E+01   8.066690517200000E+00   9.905217470000000E-01   9.482374151700000E-01   3.534754528100000E-01  -2.136287197500000E+01
  -2.538791716500000E+01   6.364645861200000E+01   8.074267526500000E+00   9.905587454400000E-01   9.483125597900000E-01   3.534190336300000E-01  -2.141577683500000E+01
  -2.544686414500000E+01   6.370753177700000E+01   8.081846435799999E+00   9.905955957000000E-01   9.483886110800001E-01   3.533631909000000E-01  -2.146863208300000E+01
  -2.550579319200000E+01   6.376866524500000E+01   8.089430613699999E+00   9.906322774700000E-01   9.484655720700000E-01   3.533079458400000E-01  -2.152143759300000E+01
  -2.556470364500000E+01   6.382985965900000E+01   8.097011258500000E+00   9.906687830000001E-01   9.485434457600000E-01   3.532532782300000E-01  -2.157419323500000E+01
  -2.562359483900000E+01   6.389111566600000E+01   8.104591453099999E+00   9.907051231400000E-01   9.486222351700000E-01   3.531991884900000E-01  -2.162689887600000E+01
  -2.568246609800000E+01   6.395243392000000E+01   8.112179276599999E+00   9.907412891500000E-01   9.487019433200000E-01   3.531456865400000E-01  -2.167955438200000E+01
  -2.574131674100000E+01   6.401381508199999E+01   8.119759912699999E+00   9.907772996000000E-01   9.487825732000000E-01   3.530927540400000E-01  -2.173215961600000E+01
  -2.580014607700000E+01   6.407525982100000E+01   8.127348208500001E+00   9.908131405000000E-01   9.488641278400000E-01   3.530403923300000E-01  -2.178471443600000E+01
  -2.585895341000000E+01   6.413676881000001E+01   8.134935552400000E+00   9.908488089500000E-01   9.489466102300000E-01   3.529886001500000E-01  -2.183721869800000E+01
  -2.591773803500000E+01   6.419834273200000E+01   8.142521998900000E+00   9.908843248000000E-01   9.490300233800000E-01   3.529373759900000E-01  -2.188967225500000E+01
  -2.597649923800000E+01   6.425998227500000E+01   8.150104471800001E+00   9.909196688500000E-01   9.491143703000000E-01   3.528867271500000E-01  -2.194207495700000E+01
  -2.603523629900000E+01   6.432168813500000E+01   8.157697720300000E+00   9.909548420800000E-01   9.491996540099999E-01   3.528366333700000E-01  -2.199442665000000E+01
  -2.609394848900000E+01   6.438346101499999E+01   8.165281381100000E+00   9.909898639800000E-01   9.492858775100000E-01   3.527871001500000E-01  -2.204672717700000E+01
  -2.615263506800000E+01   6.444530162800000E+01   8.172875208100001E+00   9.910247251600000E-01   9.493730438200000E-01   3.527381210000000E-01  -2.209897637500000E+01
  -2.621129529100000E+01   6.450721069100000E+01   8.180464854100000E+00   9.910594170600000E-01   9.494611559700000E-01   3.526896951400000E-01  -2.215117408100000E+01
  -2.626992840300000E+01   6.456918893200000E+01   8.188050384300000E+00   9.910939479700001E-01   9.495502169700000E-01   3.526418288700000E-01  -2.220332012500000E+01
  -2.632853363800000E+01   6.463123708500000E+01   8.195644951800000E+00   9.911283187900000E-01   9.496402298700000E-01   3.525945001400000E-01  -2.225541433400000E+01
  -2.638711022300000E+01   6.469335589400001E+01   8.203234402800000E+00   9.911625219100000E-01   9.497311976900000E-01   3.525477324600000E-01  -2.230745653000000E+01
  -2.644565737700000E+01   6.475554611000000E+01   8.210825898800000E+00   9.911965751900000E-01   9.498231234900000E-01   3.525014996400000E-01  -2.235944653200000E+01
  -2.650417430500000E+01   6.481780849400000E+01   8.218413818500000E+00   9.912304570100000E-01   9.499160103199999E-01   3.524558086600000E-01  -2.241138415400000E+01
  -2.656266020700000E+01   6.488014381399999E+01   8.226003997999999E+00   9.912641733100001E-01   9.500098612400000E-01   3.524106480800000E-01  -2.246326920300000E+01
  -2.662111427000000E+01   6.494255284899999E+01   8.233596228500000E+00   9.912977605600000E-01   9.501046793300000E-01   3.523660322200000E-01  -2.251510148500000E+01
  -2.667953567200000E+01   6.500503638600000E+01   8.241186712699999E+00   9.913311715200001E-01   9.502004676800000E-01   3.523219537900000E-01  -2.256688079800000E+01
  -2.673792358000000E+01   6.506759522100000E+01   8.248771707300000E+00   9.913644177800000E-01   9.502972293900001E-01   3.522783949100000E-01  -2.261860693500000E+01
  -2.679627715300000E+01   6.513023016000000E+01   8.256364689700000E+00   9.913975095400001E-01   9.503949675600000E-01   3.522353618500000E-01  -2.267027968500000E+01
  -2.685459553500000E+01   6.519294201900000E+01   8.263955810200001E+00   9.914304404199999E-01   9.504936853300000E-01   3.521928641000000E-01  -2.272189883100000E+01
  -2.691287786300000E+01   6.525573162500000E+01   8.271541223500000E+00   9.914632313200000E-01   9.505933858300000E-01   3.521508818800000E-01  -2.277346414800000E+01
  -2.697112326000000E+01   6.531859981200000E+01   8.279131019599999E+00   9.914958440500000E-01   9.506940722400000E-01   3.521094174500000E-01  -2.282497540900000E+01
  -2.702933084000000E+01   6.538154742800000E+01   8.286716031299999E+00   9.915283173400000E-01   9.507957477300000E-01   3.520684588200000E-01  -2.287643237700000E+01
  -2.708749970200000E+01   6.544457532900000E+01   8.294306540599999E+00   9.915606367200001E-01   9.508984155000000E-01   3.520280324800000E-01  -2.292783481100000E+01
  -2.714562893600000E+01   6.550768438300000E+01   8.301892503800000E+00   9.915927920499999E-01   9.510020787600000E-01   3.519881053000000E-01  -2.297918246200000E+01
  -2.720371761900000E+01   6.557087547000000E+01   8.309475024699999E+00   9.916247961600000E-01   9.511067407600000E-01   3.519486884100000E-01  -2.303047507400000E+01
  -2.726176481500000E+01   6.563414947900000E+01   8.317058189000001E+00   9.916566397000000E-01   9.512124047600000E-01   3.519097648500000E-01  -2.308171238600000E+01
  -2.731976957500000E+01   6.569750731300000E+01   8.324643414100001E+00   9.916883225999999E-01   9.513190740600000E-01   3.518713609400000E-01  -2.313289412700000E+01
  -2.737773093700000E+01   6.576094988600001E+01   8.332224620800000E+00   9.917198634300000E-01   9.514267519600000E-01   3.518334404700000E-01  -2.318402002000000E+01
  -2.743564792800000E+01   6.582447812300001E+01   8.339799809300001E+00   9.917512577399999E-01   9.515354418100000E-01   3.517960227600000E-01  -2.323508978000000E+01
  -2.749351955700000E+01   6.588809296300001E+01   8.347378922400001E+00   9.917824777399999E-01   9.516451469800000E-01   3.517590882800000E-01  -2.328610311400000E+01
  -2.755134482300000E+01   6.595179535699999E+01   8.354960911999999E+00   9.918135638300000E-01   9.517558708700000E-01   3.517226607200000E-01  -2.333705971800000E+01
  -2.760912270900000E+01   6.601558626900000E+01   8.362536183100000E+00   9.918444992300000E-01   9.518676169200000E-01   3.516867103500000E-01  -2.338795928400000E+01
  -2.766685218400000E+01   6.607946667500001E+01   8.370107423000000E+00   9.918752770200000E-01   9.519803885900000E-01   3.516512446500000E-01  -2.343880149100000E+01
  -2.772453220000000E+01   6.614343756800000E+01   8.377682588400001E+00   9.919058978000000E-01   9.520941893800000E-01   3.516162523900000E-01  -2.348958601100000E+01
  -2.778216169700000E+01   6.620749995000000E+01   8.385250751399999E+00   9.919363618100000E-01   9.522090228400000E-01   3.515817450900000E-01  -2.354031250500000E+01
  -2.783973959600000E+01   6.627165484200000E+01   8.392819514499999E+00   9.919666951800000E-01   9.523248925300000E-01   3.515477141800000E-01  -2.359098062500000E+01
  -2.789726480500000E+01   6.633590327600000E+01   8.400380565300001E+00   9.919968594700000E-01   9.524418020900000E-01   3.515141529900000E-01  -2.364159001300000E+01
  -2.795473621400000E+01   6.640024630000001E+01   8.407948838099999E+00   9.920268772800001E-01   9.525597551600000E-01   3.514810488600000E-01  -2.369214030000000E+01
  -2.801215269500000E+01   6.646468497799999E+01   8.415506842199999E+00   9.920567548300000E-01   9.526787554500000E-01   3.514484306100000E-01  -2.374263110400000E+01
  -2.806951310600000E+01   6.652922038800000E+01   8.423066574000000E+00   9.920864845700000E-01   9.527988067099999E-01   3.514162671000000E-01  -2.379306203500000E+01
  -2.812681628400000E+01   6.659385362499999E+01   8.430624334299999E+00   9.921160597100001E-01   9.529199127400000E-01   3.513845513400000E-01  -2.384343269000000E+01
  -2.818406105100000E+01   6.665858580100000E+01   8.438176930999999E+00   9.921454837200000E-01   9.530420773800000E-01   3.513533132100000E-01  -2.389374265300000E+01
  -2.824124620700000E+01   6.672341804100000E+01   8.445726058700000E+00   9.921747543500000E-01   9.531653045200000E-01   3.513225137900000E-01  -2.394399149600000E+01
  -2.829837053600000E+01   6.678835149200000E+01   8.453268770799999E+00   9.922038715400000E-01   9.532895981300000E-01   3.512921624600000E-01  -2.399417877800000E+01
  -2.835543280000000E+01   6.685338731600000E+01   8.460817363900000E+00   9.922328618000000E-01   9.534149622100000E-01   3.512622737900000E-01  -2.404430404500000E+01
  -2.841243174400000E+01   6.691852669100000E+01   8.468353522199999E+00   9.922616832000000E-01   9.535414008200001E-01   3.512328093800000E-01  -2.409436682900000E+01
  -2.846936609100000E+01   6.698377081600000E+01   8.475893488100001E+00   9.922903788500000E-01   9.536689181000000E-01   3.512038040500000E-01  -2.414436664600000E+01
  -2.852623454100000E+01   6.704912090900000E+01   8.483427633300000E+00   9.923189235400000E-01   9.537975182200000E-01   3.511752299200000E-01  -2.419430299900000E+01
  -2.858303577600000E+01   6.711457820500000E+01   8.490952358700000E+00   9.923473099000000E-01   9.539272054500000E-01   3.511470922300000E-01  -2.424417537600000E+01
  -2.863976845300000E+01   6.718014396000000E+01   8.498482524400000E+00   9.923755447400000E-01   9.540579841000000E-01   3.511193738000000E-01  -2.429398324700000E+01
  -2.869643120700000E+01   6.724581945000000E+01   8.506003465199999E+00   9.924036493000000E-01   9.541898585600000E-01   3.510921026500000E-01  -2.434372606600000E+01
  -2.875302265200000E+01   6.731160597100001E+01   8.513522752000000E+00   9.924316084500000E-01   9.543228333100000E-01   3.510652358300000E-01  -2.439340327200000E+01
  -2.880954137400000E+01   6.737750484199999E+01   8.521032992300000E+00   9.924594168400001E-01   9.544569128800000E-01   3.510388124600000E-01  -2.444301428400000E+01
  -2.886598593800000E+01   6.744351740000000E+01   8.528542920500000E+00   9.924870723400000E-01   9.545921018900000E-01   3.510128020600000E-01  -2.449255850300000E+01
  -2.892235488100000E+01   6.750964500800001E+01   8.536045068400000E+00   9.925145927600000E-01   9.547284050300000E-01   3.509871976300000E-01  -2.454203531100000E+01
  -2.897864671500000E+01   6.757588905000000E+01   8.543548250800001E+00   9.925419632600000E-01   9.548658271000000E-01   3.509620092100000E-01  -2.459144407200000E+01
  -2.903485992700000E+01   6.764225093400000E+01   8.551038769200000E+00   9.925691894100001E-01   9.550043729500000E-01   3.509372403500000E-01  -2.464078412800000E+01
  -2.909099297400000E+01   6.770873209000000E+01   8.558530705000001E+00   9.925962681000000E-01   9.551440475500000E-01   3.509128588000000E-01  -2.469005480100000E+01
  -2.914704428500000E+01   6.777533397500000E+01   8.566016680500001E+00   9.926231976500000E-01   9.552848559600000E-01   3.508888979300000E-01  -2.473925538900000E+01
  -2.920301226300000E+01   6.784205806999999E+01   8.573493661400001E+00   9.926499896500000E-01   9.554268033100000E-01   3.508653340400000E-01  -2.478838517000000E+01
  -2.925889527600000E+01   6.790890588200000E+01   8.580968901600000E+00   9.926766443700000E-01   9.555698948700000E-01   3.508421558800000E-01  -2.483744339600000E+01
  -2.931469166500000E+01   6.797587894300000E+01   8.588433856200000E+00   9.927031505300000E-01   9.557141359700000E-01   3.508193714000000E-01  -2.488642929800000E+01
  -2.937039974000000E+01   6.804297881500000E+01   8.595898239600000E+00   9.927295017600000E-01   9.558595320800000E-01   3.507969910300000E-01  -2.493534208000000E+01
  -2.942601777500000E+01   6.811020708600000E+01   8.603351049300000E+00   9.927557249200000E-01   9.560060887700000E-01   3.507749742700000E-01  -2.498418091800000E+01
  -2.948154401200000E+01   6.817756537100000E+01   8.610800593800001E+00   9.927818000900001E-01   9.561538117100000E-01   3.507533659000000E-01  -2.503294496300000E+01
  -2.953697666100000E+01   6.824505531800000E+01   8.618245547200001E+00   9.928077284300000E-01   9.563027067100000E-01   3.507321265800000E-01  -2.508163333900000E+01
  -2.959231389200000E+01   6.831267860299999E+01   8.625682866400000E+00   9.928335093000000E-01   9.564527796800000E-01   3.507112641100000E-01  -2.513024513800000E+01
  -2.964755384100000E+01   6.838043693199999E+01   8.633108991400000E+00   9.928591427700000E-01   9.566040366700000E-01   3.506907615800000E-01  -2.517877942400000E+01
  -2.970269460600000E+01   6.844833204400000E+01   8.640533120300001E+00   9.928846583199999E-01   9.567564838600000E-01   3.506706485500000E-01  -2.522723522900000E+01
  -2.975773424500000E+01   6.851636571100001E+01   8.647951495899999E+00   9.929100105699999E-01   9.569101275500000E-01   3.506508793000000E-01  -2.527561155100000E+01
  -2.981267077700000E+01   6.858453973600000E+01   8.655358186000001E+00   9.929352157900000E-01   9.570649742000000E-01   3.506315035200000E-01  -2.532390735700000E+01
  -2.986750217800000E+01   6.865285596000000E+01   8.662756174600000E+00   9.929602949300000E-01   9.572210303799999E-01   3.506124538400000E-01  -2.537212157700000E+01
  -2.992222638400000E+01   6.872131625500000E+01   8.670153771600001E+00   9.929852139100001E-01   9.573783028500000E-01   3.505937937800000E-01  -2.542025310500000E+01
  -2.997684128300000E+01   6.878992253200001E+01   8.677539171899999E+00   9.930100090400000E-01   9.575367984900000E-01   3.505754764400000E-01  -2.546830079600000E+01
  -3.003134472000000E+01   6.885867673800000E+01   8.684917120700000E+00   9.930346599200000E-01   9.576965243400000E-01   3.505574871900000E-01  -2.551626346800000E+01
  -3.008573449200000E+01   6.892758086000001E+01   8.692283842800000E+00   9.930591598600000E-01   9.578574876100000E-01   3.505398744000000E-01  -2.556413989700000E+01
  -3.014000834700000E+01   6.899663692100000E+01   8.699643246000001E+00   9.930835131700000E-01   9.580196956700000E-01   3.505225909000000E-01  -2.561192881600000E+01
  -3.019416398500000E+01   6.906584698700000E+01   8.706994448800000E+00   9.931077321000000E-01   9.581831560800000E-01   3.505056329800000E-01  -2.565962891400000E+01
  -3.024819905000000E+01   6.913521316400001E+01   8.714341639700001E+00   9.931317988700000E-01   9.583478765500000E-01   3.504890171900000E-01  -2.570723883600000E+01
  -3.030211113700000E+01   6.920473760100001E+01   8.721675559399999E+00   9.931557192800000E-01   9.585138650000000E-01   3.504727580600000E-01  -2.575475717600000E+01
  -3.035589778000000E+01   6.927442249100000E+01   8.728997523000000E+00   9.931795146500000E-01   9.586811295200000E-01   3.504568100700000E-01  -2.580218248200000E+01
  -3.040955646000000E+01   6.934427007100000E+01   8.736313376800000E+00   9.932031652800000E-01   9.588496783900000E-01   3.504411929000000E-01  -2.584951324700000E+01
  -3.046308459700000E+01   6.941428262600000E+01   8.743621650500000E+00   9.932266691700000E-01   9.590195201200000E-01   3.504258842600000E-01  -2.589674791300000E+01
  -3.051647954800000E+01   6.948446248600000E+01   8.750914596299999E+00   9.932500231200000E-01   9.591906634000000E-01   3.504108968300000E-01  -2.594388486400000E+01
  -3.056973860900000E+01   6.955481203200000E+01   8.758202640600000E+00   9.932732420700000E-01   9.593631171400000E-01   3.503962454600000E-01  -2.599092242800000E+01
  -3.062285900600000E+01   6.962533369400001E+01   8.765476244800000E+00   9.932963140400000E-01   9.595368904800000E-01   3.503818921800000E-01  -2.603785887100000E+01

