  -9.599910499400000E-01   2.187650453100000E+01  -2.185470971400000E+01   5.933162679900000E-01   5.434147687100001E-01   5.529828250500000E-01   4.000000000000000E+00
  -9.678784637800000E-01   2.188706584800000E+01  -2.186529252700000E+01   5.932464400500000E-01   5.432487372200000E-01   5.527871413500000E-01   3.984487010200000E+00
  -1.006673181500000E+00   2.193886081800000E+01  -2.191719254500000E+01   5.929068724000000E-01   5.424326059800000E-01   5.518272161600000E-01   3.908348992400000E+00
  -1.045599456900000E+00   2.199057877600000E+01  -2.196901477900000E+01   5.925726363200000E-01   5.416145511800000E-01   5.508683079200000E-01   3.832225536000000E+00
  -1.084658197800000E+00   2.204221901700000E+01  -2.202075853000000E+01   5.922437782700000E-01   5.407945640600000E-01   5.499104377800000E-01   3.756116948400000E+00
  -1.123850284600000E+00   2.209378085600000E+01  -2.207242311800000E+01   5.919203434300000E-01   5.399726367200000E-01   5.489536265200000E-01   3.680023542700000E+00
  -1.163176569700000E+00   2.214526363000000E+01  -2.212400788200000E+01   5.916023756900000E-01   5.391487621700000E-01   5.479978945100000E-01   3.603945637800000E+00
  -1.202637877900000E+00   2.219666669100000E+01  -2.217551218200000E+01   5.912899176200000E-01   5.383229343700000E-01   5.470432617400000E-01   3.527883558600000E+00
  -1.242235005500000E+00   2.224798941700000E+01  -2.222693539700000E+01   5.909830104800000E-01   5.374951481300000E-01   5.460897477800000E-01   3.451837635100000E+00
  -1.281968720700000E+00   2.229923120200000E+01  -2.227827692700000E+01   5.906816942100001E-01   5.366653992300000E-01   5.451373717700000E-01   3.375808202900000E+00
  -1.321839763300000E+00   2.235039146400000E+01  -2.232953619400000E+01   5.903860073700000E-01   5.358336843600000E-01   5.441861524600000E-01   3.299795602700000E+00
  -1.361848844200000E+00   2.240146963900000E+01  -2.238071264000000E+01   5.900959871800000E-01   5.350000011000000E-01   5.432361081400000E-01   3.223800180400000E+00
  -1.401996646200000E+00   2.245246518800000E+01  -2.243180572800000E+01   5.898116694900000E-01   5.341643479900000E-01   5.422872566900000E-01   3.147822286700000E+00
  -1.442283822700000E+00   2.250337759100000E+01  -2.248281494300000E+01   5.895330887700000E-01   5.333267244900000E-01   5.413396155500000E-01   3.071862277000000E+00
  -1.482710998700000E+00   2.255420634900000E+01  -2.253373979200000E+01   5.892602780800000E-01   5.324871309600000E-01   5.403932017000000E-01   2.995920511100000E+00
  -1.523278770400000E+00   2.260495098800000E+01  -2.258457980400000E+01   5.889932691100001E-01   5.316455687000000E-01   5.394480316700000E-01   2.919997353500000E+00
  -1.563987704800000E+00   2.265561105400000E+01  -2.263533452900000E+01   5.887320921400000E-01   5.308020399400000E-01   5.385041215700000E-01   2.844093172400000E+00
  -1.604838340300000E+00   2.270618611400000E+01  -2.268600354100000E+01   5.884767760400000E-01   5.299565478100000E-01   5.375614870099999E-01   2.768208340400000E+00
  -1.645831186500000E+00   2.275667576100000E+01  -2.273658643400000E+01   5.882273482500000E-01   5.291090963600000E-01   5.366201431700000E-01   2.692343233700000E+00
  -1.686966723900000E+00   2.280707960700000E+01  -2.278708282700000E+01   5.879838348300001E-01   5.282596905500000E-01   5.356801047400001E-01   2.616498231900000E+00
  -1.728245404700000E+00   2.285739729000000E+01  -2.283749236000000E+01   5.877462603900000E-01   5.274083362600001E-01   5.347413859600000E-01   2.540673718200000E+00
  -1.769667652000000E+00   2.290762846600000E+01  -2.288781469600000E+01   5.875146481200000E-01   5.265550402600000E-01   5.338040005800000E-01   2.464870078800000E+00
  -1.811233860600000E+00   2.295777281900000E+01  -2.293804952100000E+01   5.872890198000000E-01   5.256998102200000E-01   5.328679619100000E-01   2.389087703100000E+00
  -1.852944396700000E+00   2.300783005100000E+01  -2.298819654400000E+01   5.870693957899999E-01   5.248426546800000E-01   5.319332827400000E-01   2.313326982900000E+00
  -1.894799598300000E+00   2.305779989200000E+01  -2.303825549700000E+01   5.868557950100000E-01   5.239835830800000E-01   5.309999754200000E-01   2.237588312700000E+00
  -1.936799775100000E+00   2.310768209000000E+01  -2.308822613400000E+01   5.866482349900000E-01   5.231226057500000E-01   5.300680518000001E-01   2.161872089300000E+00
  -1.978945209000000E+00   2.315747641900000E+01  -2.313810823300000E+01   5.864467318200000E-01   5.222597338400000E-01   5.291375232500000E-01   2.086178711700000E+00
  -2.021236153600000E+00   2.320718267500000E+01  -2.318790159300000E+01   5.862513001900000E-01   5.213949794000000E-01   5.282084006700000E-01   2.010508580500000E+00
  -2.063672835400000E+00   2.325680067700000E+01  -2.323760603900000E+01   5.860619533800000E-01   5.205283553000000E-01   5.272806944800000E-01   1.934862098100000E+00
  -2.106255453100000E+00   2.330633026600000E+01  -2.328722141600000E+01   5.858787032700000E-01   5.196598752500000E-01   5.263544145900000E-01   1.859239668400000E+00
  -2.148984178300000E+00   2.335577130700000E+01  -2.333674759300000E+01   5.857015603500000E-01   5.187895537900000E-01   5.254295704700001E-01   1.783641696500000E+00
  -2.191859155600000E+00   2.340512368800000E+01  -2.338618446200000E+01   5.855305337100000E-01   5.179174062800000E-01   5.245061710900000E-01   1.708068588200000E+00
  -2.234880502800000E+00   2.345438731800000E+01  -2.343553193800000E+01   5.853656310799999E-01   5.170434488700000E-01   5.235842249200000E-01   1.632520750400000E+00
  -2.278048311400000E+00   2.350356213100000E+01  -2.348478995600000E+01   5.852068587900000E-01   5.161676984900000E-01   5.226637399800000E-01   1.556998590500000E+00
  -2.321362646400000E+00   2.355264808100000E+01  -2.353395847800000E+01   5.850542218500000E-01   5.152901728800000E-01   5.217447237900000E-01   1.481502516000000E+00
  -2.364823547100000E+00   2.360164514500000E+01  -2.358303748500000E+01   5.849077238900000E-01   5.144108905200000E-01   5.208271834300000E-01   1.406032934700000E+00
  -2.408431027200000E+00   2.365055332400000E+01  -2.363202698000000E+01   5.847673672000000E-01   5.135298706500000E-01   5.199111254600000E-01   1.330590254300000E+00
  -2.452185074900000E+00   2.369937264000000E+01  -2.368092699000000E+01   5.846331527600001E-01   5.126471332300000E-01   5.189965560000001E-01   1.255174882100000E+00
  -2.496085653500000E+00   2.374810313500000E+01  -2.372973756300000E+01   5.845050802100000E-01   5.117626989500000E-01   5.180834806900000E-01   1.179787224700000E+00
  -2.540132701500000E+00   2.379674487700000E+01  -2.377845876800000E+01   5.843831479100000E-01   5.108765892300000E-01   5.171719047000000E-01   1.104427688400000E+00
  -2.584326133100000E+00   2.384529795100000E+01  -2.382709069900000E+01   5.842673529100000E-01   5.099888261600000E-01   5.162618327500000E-01   1.029096677900000E+00
  -2.628665838400000E+00   2.389376246700000E+01  -2.387563346600000E+01   5.841576910100000E-01   5.090994325000000E-01   5.153532690800000E-01   9.537945973500001E-01
  -2.673151683900000E+00   2.394213855500000E+01  -2.392408720500000E+01   5.840541567200001E-01   5.082084316900000E-01   5.144462174900000E-01   8.785218490800000E-01
  -2.717783512700000E+00   2.399042636400000E+01  -2.397245207000000E+01   5.839567433100000E-01   5.073158478100001E-01   5.135406813200000E-01   8.032788340400000E-01
  -2.762561144900000E+00   2.403862606800000E+01  -2.402072823800000E+01   5.838654428400000E-01   5.064217055700000E-01   5.126366634800000E-01   7.280659513400000E-01
  -2.807484378000000E+00   2.408673785800000E+01  -2.406891590500000E+01   5.837802461400000E-01   5.055260302800000E-01   5.117341664000000E-01   6.528835981200000E-01
  -2.852552987200000E+00   2.413476194700000E+01  -2.411701528700000E+01   5.837011428200000E-01   5.046288478700000E-01   5.108331921000000E-01   5.777321693400000E-01
  -2.897766725700000E+00   2.418269856700000E+01  -2.416502662200000E+01   5.836281213500000E-01   5.037301848300000E-01   5.099337421500000E-01   5.026120576200001E-01
  -2.942513756600000E+00   2.422990441000000E+01  -2.421230561200000E+01   5.835620300500000E-01   5.028421949500000E-01   5.090478952500000E-01   4.285342654500000E-01
  -2.983314992500000E+00   2.427274537800000E+01  -2.425521259500000E+01   5.835070616200000E-01   5.020337259800000E-01   5.082438687400000E-01   3.612179001000000E-01
  -3.020507754900000E+00   2.431163120600000E+01  -2.429415804000000E+01   5.834613078999999E-01   5.012977755800000E-01   5.075140009300000E-01   3.000438275000000E-01
  -3.054402451500000E+00   2.434693209600000E+01  -2.432951280300000E+01   5.834231917400000E-01   5.006279344500000E-01   5.068513652200000E-01   2.444499111400000E-01
  -3.085284364200000E+00   2.437898272100000E+01  -2.436161213600000E+01   5.833914092500000E-01   5.000183409400000E-01   5.062496966600000E-01   1.939257223600000E-01
  -3.113415390500000E+00   2.440808577800000E+01  -2.439075925400000E+01   5.833648821500000E-01   4.994636380700000E-01   5.057033263600000E-01   1.480077463400000E-01
  -3.139035721000000E+00   2.443451517800000E+01  -2.441722852800000E+01   5.833427184000000E-01   4.989589331600000E-01   5.052071226900000E-01   1.062750370800000E-01
  -3.162365443900000E+00   2.445851887900000E+01  -2.444126833000000E+01   5.833241797600000E-01   4.984997599800000E-01   5.047564387000000E-01   6.834527918699999E-02
  -3.177938948700000E+00   2.447450919300000E+01  -2.445728263300000E+01   5.833126713500000E-01   4.981934609800000E-01   5.044561996000000E-01   4.306358954300000E-02
  -3.188330323500000E+00   2.448516400900000E+01  -2.446795340700000E+01   5.833053767100000E-01   4.979891807400000E-01   5.042561365600000E-01   2.621127829100000E-02
  -3.195261921100000E+00   2.449226482500000E+01  -2.447506484600000E+01   5.833006813200000E-01   4.978529581600000E-01   5.041228040200000E-01   1.497736145000000E-02
  -3.204509043700000E+00   2.450172960200000E+01  -2.448454376800000E+01   5.832946293700000E-01   4.976712837700000E-01   5.039450805700000E-01   0.000000000000000E+00
  -3.213761872000000E+00   2.451119098300000E+01  -2.449401927200000E+01   5.832888156300000E-01   4.974895589500000E-01   5.037674179400000E-01  -1.497599827400000E-02
  -3.220705233600000E+00   2.451828478800000E+01  -2.450112365500000E+01   5.832846115500000E-01   4.973532324100000E-01   5.036342109100000E-01  -2.620709774800000E-02
  -3.231126284700000E+00   2.452892191800000E+01  -2.451177662900000E+01   5.832785563300000E-01   4.971486899500000E-01   5.034344645400000E-01  -4.305229953100000E-02
  -3.246771371300000E+00   2.454486956700000E+01  -2.452774799200000E+01   5.832700375600000E-01   4.968417584500000E-01   5.031349893000000E-01  -6.831683736999999E-02
  -3.270269366100000E+00   2.456877297200000E+01  -2.455168685300000E+01   5.832585269200000E-01   4.963810985200000E-01   5.026861010100000E-01  -1.062062709100000E-01
  -3.296159177200000E+00   2.459504172000000E+01  -2.457799444200000E+01   5.832476189900000E-01   4.958740129900000E-01   5.021927736200000E-01  -1.478743637800000E-01
  -3.324688720900000E+00   2.462390718000000E+01  -2.460690243500000E+01   5.832377378400000E-01   4.953157900600000E-01   5.016506571500000E-01  -1.936967502900000E-01
  -3.356132507500000E+00   2.465562280300000E+01  -2.463866461200000E+01   5.832294247599999E-01   4.947012343200000E-01   5.010549861600000E-01  -2.440861363800000E-01
  -3.390794666700000E+00   2.469046612000000E+01  -2.467355885700000E+01   5.832233650100000E-01   4.940246165700000E-01   5.004005421700000E-01  -2.994958961700000E-01
  -3.429012349400000E+00   2.472874089900000E+01  -2.471188932300000E+01   5.832204202600000E-01   4.932796184000000E-01   4.996816131300000E-01  -3.604240026600000E-01
  -3.471159554200000E+00   2.477077947600000E+01  -2.475398874900000E+01   5.832216677399999E-01   4.924592711700000E-01   4.988919498400000E-01  -4.274173199700000E-01
  -3.517651439100000E+00   2.481694525500000E+01  -2.480022097800000E+01   5.832284473500000E-01   4.915558889400000E-01   4.980247190200000E-01  -5.010762858000000E-01
  -3.564916169200000E+00   2.486365949100000E+01  -2.484700205500000E+01   5.832410754100000E-01   4.906391418300000E-01   4.971471462600000E-01  -5.757040114800001E-01
  -3.612319741200000E+00   2.491029218000000E+01  -2.489370106800000E+01   5.832594710400000E-01   4.897213831000000E-01   4.962710710900000E-01  -6.502947999899999E-01
  -3.659861602900000E+00   2.495684384100000E+01  -2.494031854300000E+01   5.832836058799999E-01   4.888026463400000E-01   4.953964887600000E-01  -7.248483210000000E-01
  -3.707541186700000E+00   2.500331501200000E+01  -2.498685502100000E+01   5.833134506800000E-01   4.878829654200000E-01   4.945233941800000E-01  -7.993642491900000E-01
  -3.755357910000000E+00   2.504970624400000E+01  -2.503331105600000E+01   5.833489753700000E-01   4.869623744900000E-01   4.936517819200000E-01  -8.738422643900000E-01
  -3.803311175700000E+00   2.509601810100000E+01  -2.507968721800000E+01   5.833901490600000E-01   4.860409079400000E-01   4.927816462600000E-01  -9.482820516800000E-01
  -3.851400372100000E+00   2.514225116400000E+01  -2.512598409000000E+01   5.834369400500000E-01   4.851186004000000E-01   4.919129811500000E-01  -1.022683301500000E+00
  -3.899624873800000E+00   2.518840602500000E+01  -2.517220226900000E+01   5.834893158400000E-01   4.841954867200000E-01   4.910457802400000E-01  -1.097045709700000E+00
  -3.947984041600000E+00   2.523448329000000E+01  -2.521834236500000E+01   5.835472431800000E-01   4.832716019600000E-01   4.901800368900000E-01  -1.171368977800000E+00
  -3.996477223200000E+00   2.528048357900000E+01  -2.526440500100000E+01   5.836106880700000E-01   4.823469813500000E-01   4.893157441400000E-01  -1.245652812800000E+00
  -3.999999999700000E+00   2.528381735400000E+01  -2.526774328000000E+01   5.836155039199999E-01   4.822798838800000E-01   4.892531066200000E-01  -1.251039645600000E+00

