  -2.301963600100000E+00   2.375807012000000E+01  -7.147582726500000E+00   8.630311276300000E-01   8.611733534700000E-01   5.687637096500000E-01   7.500000000000000E+00
  -2.309130556500000E+00   2.376683253900000E+01  -7.148453662100000E+00   8.630844506799999E-01   8.611314873400000E-01   5.686269586200000E-01   7.486350456600000E+00
  -2.349520375100000E+00   2.381613531700000E+01  -7.153255342300000E+00   8.633858770200000E-01   8.608964454500000E-01   5.678579032400000E-01   7.409559683800000E+00
  -2.390005639000000E+00   2.386542178100000E+01  -7.157897689100000E+00   8.636891221700000E-01   8.606620497600000E-01   5.670898004900000E-01   7.332811820700000E+00
  -2.430586406900000E+00   2.391469212700000E+01  -7.162378169100000E+00   8.639944837400000E-01   8.604284010500000E-01   5.663226579600000E-01   7.256107315200000E+00
  -2.471262727900000E+00   2.396394654600000E+01  -7.166684339500000E+00   8.643019711900000E-01   8.601956886700000E-01   5.655564960400000E-01   7.179446613400000E+00
  -2.512034641600000E+00   2.401318523000000E+01  -7.170828337000000E+00   8.646114310700000E-01   8.599637195299999E-01   5.647913377100000E-01   7.102830159500000E+00
  -2.552902177900000E+00   2.406240836300000E+01  -7.174803342800000E+00   8.649229094000001E-01   8.597326544900000E-01   5.640271961000000E-01   7.026258395900000E+00
  -2.593865356900000E+00   2.411161613000000E+01  -7.178584451100000E+00   8.652364437600000E-01   8.595026113899999E-01   5.632640922500000E-01   6.949731762500000E+00
  -2.634924189300000E+00   2.416080871100000E+01  -7.182201159400000E+00   8.655519536300000E-01   8.592734112900000E-01   5.625020631400000E-01   6.873250697400000E+00
  -2.676078676000000E+00   2.420998628300000E+01  -7.185641902200000E+00   8.658695101000000E-01   8.590452405100000E-01   5.617411248400001E-01   6.796815636400000E+00
  -2.717328808000000E+00   2.425914902100000E+01  -7.188893388900000E+00   8.661891723200000E-01   8.588181978900000E-01   5.609812796000000E-01   6.720427012900000E+00
  -2.758674566700000E+00   2.430829709600000E+01  -7.191965682400000E+00   8.665108640600000E-01   8.585921296900000E-01   5.602225409900000E-01   6.644085258000000E+00
  -2.800115923800000E+00   2.435743067400000E+01  -7.194855380700000E+00   8.668346238700000E-01   8.583671302700000E-01   5.594649324400000E-01   6.567790800100000E+00
  -2.841652841100000E+00   2.440654992100000E+01  -7.197567593900000E+00   8.671605006100001E-01   8.581433588800000E-01   5.587084935700000E-01   6.491544065300000E+00
  -2.883285270900000E+00   2.445565499800000E+01  -7.200070739300000E+00   8.674885721200000E-01   8.579207638300000E-01   5.579532108900001E-01   6.415345476800000E+00
  -2.925013155400000E+00   2.450474606200000E+01  -7.202375628000000E+00   8.678187262800000E-01   8.576993453500000E-01   5.571991254699999E-01   6.339195455000000E+00
  -2.966836427500000E+00   2.455382326700000E+01  -7.204489369400000E+00   8.681509853800000E-01   8.574791460200000E-01   5.564462639700000E-01   6.263094417500000E+00
  -3.008755010100000E+00   2.460288676300000E+01  -7.206417306300000E+00   8.684852791900000E-01   8.572602155700000E-01   5.556946384500000E-01   6.187042778800000E+00
  -3.050768816400000E+00   2.465193669800000E+01  -7.208150397300000E+00   8.688216635600000E-01   8.570427214200000E-01   5.549442561300000E-01   6.111040950500000E+00
  -3.092877750100000E+00   2.470097321500000E+01  -7.209658802700000E+00   8.691598733100000E-01   8.568265387100000E-01   5.541951236600000E-01   6.035089340600000E+00
  -3.135081705300000E+00   2.474999645300000E+01  -7.210985196500000E+00   8.695006062700000E-01   8.566116838300000E-01   5.534472966500000E-01   5.959188354200000E+00
  -3.177380566300000E+00   2.479900654800000E+01  -7.212111123900000E+00   8.698434304600000E-01   8.563982750100000E-01   5.527007691800000E-01   5.883338392500000E+00
  -3.219774207900000E+00   2.484800363300000E+01  -7.213000123900000E+00   8.701884349900000E-01   8.561864305300000E-01   5.519555507900000E-01   5.807539853600000E+00
  -3.262262495600000E+00   2.489698783500000E+01  -7.213699892200000E+00   8.705353487200000E-01   8.559759801400000E-01   5.512116921400000E-01   5.731793131400000E+00
  -3.304845285400000E+00   2.494595928000000E+01  -7.214193857900000E+00   8.708843473300000E-01   8.557670230200000E-01   5.504691889800000E-01   5.656098616300000E+00
  -3.347522423700000E+00   2.499491808600000E+01  -7.214487421500000E+00   8.712355676500000E-01   8.555596829100000E-01   5.497280597700001E-01   5.580456694700000E+00
  -3.390293747800000E+00   2.504386437100000E+01  -7.214547399800000E+00   8.715888341200000E-01   8.553540230300000E-01   5.489883309500000E-01   5.504867748800000E+00
  -3.433159085600000E+00   2.509279824700000E+01  -7.214385728100000E+00   8.719441717200000E-01   8.551499590600000E-01   5.482500131000000E-01   5.429332156700000E+00
  -3.476118256100000E+00   2.514171982300000E+01  -7.214016694900000E+00   8.723014747900000E-01   8.549474623400000E-01   5.475131268600000E-01   5.353850292100000E+00
  -3.519171068900000E+00   2.519062920200000E+01  -7.213439893200000E+00   8.726608902300000E-01   8.547467448300000E-01   5.467776872100000E-01   5.278422524100000E+00
  -3.562317324900000E+00   2.523952648500000E+01  -7.212639072100000E+00   8.730223557000000E-01   8.545477990600000E-01   5.460437134700000E-01   5.203049217300000E+00
  -3.605556815800000E+00   2.528841176700000E+01  -7.211599572100000E+00   8.733861955500000E-01   8.543505799000000E-01   5.453112473800000E-01   5.127730731300000E+00
  -3.648889324700000E+00   2.533728514000000E+01  -7.210340143700000E+00   8.737518175600000E-01   8.541551168100000E-01   5.445802769500000E-01   5.052467421100000E+00
  -3.692314625900000E+00   2.538614669100000E+01  -7.208861611600000E+00   8.741194611200001E-01   8.539614462300000E-01   5.438508455600000E-01   4.977259636300000E+00
  -3.735832485300000E+00   2.543499650300000E+01  -7.207176954800000E+00   8.744889210400000E-01   8.537697473100000E-01   5.431229533200000E-01   4.902107721500000E+00
  -3.779442660100000E+00   2.548383465500000E+01  -7.205255011100000E+00   8.748605914399999E-01   8.535799472800000E-01   5.423966140100001E-01   4.827012015600000E+00
  -3.823144899300000E+00   2.553266122000000E+01  -7.203086227900000E+00   8.752344280900000E-01   8.533920332700000E-01   5.416718477200000E-01   4.751972852400000E+00
  -3.866938943600000E+00   2.558147626900000E+01  -7.200691851600000E+00   8.756104330400000E-01   8.532060087200000E-01   5.409486739000000E-01   4.676990559600000E+00
  -3.910824525700000E+00   2.563027986600000E+01  -7.198078596400000E+00   8.759880980300000E-01   8.530220588700000E-01   5.402271081600000E-01   4.602065459200000E+00
  -3.954801370400000E+00   2.567907207200000E+01  -7.195239876600000E+00   8.763677054900000E-01   8.528400845200000E-01   5.395071676500000E-01   4.527197867400000E+00
  -3.998869194500000E+00   2.572785294400000E+01  -7.192152266200000E+00   8.767493746000000E-01   8.526600783500000E-01   5.387888845100000E-01   4.452388093800000E+00
  -4.043027707400000E+00   2.577662253200000E+01  -7.188840469900000E+00   8.771329043400000E-01   8.524821915400000E-01   5.380722512800000E-01   4.377636442000000E+00
  -4.087276610800000E+00   2.582538088400000E+01  -7.185300710500000E+00   8.775183261500000E-01   8.523064691400000E-01   5.373572942700000E-01   4.302943209000000E+00
  -4.131615599200000E+00   2.587412804100000E+01  -7.181514513400000E+00   8.779053511800000E-01   8.521328101200000E-01   5.366440352600000E-01   4.228308685200000E+00
  -4.176044359800000E+00   2.592286404200000E+01  -7.177505177300000E+00   8.782944330200000E-01   8.519613257300001E-01   5.359325037700000E-01   4.153733154200000E+00
  -4.220562573000000E+00   2.597158891900000E+01  -7.173265994900000E+00   8.786855185500000E-01   8.517919820199999E-01   5.352226978500000E-01   4.079216892500000E+00
  -4.265169912300000E+00   2.602030270100000E+01  -7.168757738100000E+00   8.790786369900000E-01   8.516248526900000E-01   5.345146280400001E-01   4.004760169800000E+00
  -4.309866044400000E+00   2.606900541000000E+01  -7.164030056300000E+00   8.794732463900000E-01   8.514599427600000E-01   5.338083242600000E-01   3.930363248100000E+00
  -4.354650629800000E+00   2.611769706600000E+01  -7.159071043400000E+00   8.798696256100000E-01   8.512972483300000E-01   5.331037942500000E-01   3.856026382300000E+00
  -4.399523322500000E+00   2.616637768300000E+01  -7.153874091300000E+00   8.802680951400000E-01   8.511368535000000E-01   5.324010534700000E-01   3.781749819600000E+00
  -4.444483770500000E+00   2.621504726900000E+01  -7.148423934500000E+00   8.806680910000000E-01   8.509787871600000E-01   5.317001189100000E-01   3.707533799400000E+00
  -4.489531616100000E+00   2.626370582900000E+01  -7.142741523500000E+00   8.810697856900001E-01   8.508230051500000E-01   5.310010047000000E-01   3.633378553200000E+00
  -4.534666495600000E+00   2.631235336400000E+01  -7.136847731100000E+00   8.814728123900000E-01   8.506695228300000E-01   5.303037302600000E-01   3.559284304700000E+00
  -4.579888040000000E+00   2.636098986700000E+01  -7.130673360900000E+00   8.818778250200000E-01   8.505183698300000E-01   5.296083042900001E-01   3.485251269100000E+00
  -4.625195875000000E+00   2.640961532800000E+01  -7.124266390000000E+00   8.822846133600000E-01   8.503696980700000E-01   5.289147434600000E-01   3.411279653400000E+00
  -4.670589621300000E+00   2.645822973500000E+01  -7.117627589200000E+00   8.826929129900000E-01   8.502234089400000E-01   5.282230684200000E-01   3.337369656100000E+00
  -4.716068894600000E+00   2.650683306600000E+01  -7.110757413600000E+00   8.831028782300000E-01   8.500794483000000E-01   5.275332828600000E-01   3.263521467200000E+00
  -4.761633306200000E+00   2.655542529800000E+01  -7.103655112300000E+00   8.835143810100000E-01   8.499379929500001E-01   5.268454053300000E-01   3.189735267900000E+00
  -4.807282462600000E+00   2.660400640200000E+01  -7.096303847300000E+00   8.839273008300000E-01   8.497990431700000E-01   5.261594688300000E-01   3.116011230400000E+00
  -4.853015966600000E+00   2.665257634400000E+01  -7.088693355000000E+00   8.843418188000000E-01   8.496624752900001E-01   5.254754595100000E-01   3.042349517900000E+00
  -4.898833416600000E+00   2.670113508700000E+01  -7.080847959700000E+00   8.847577846100000E-01   8.495283601100000E-01   5.247933987600000E-01   2.968750284800000E+00
  -4.944734407600000E+00   2.674968258800000E+01  -7.072771671300000E+00   8.851748518500000E-01   8.493967463600000E-01   5.241132780400000E-01   2.895213675900000E+00
  -4.990718530700000E+00   2.679821879800000E+01  -7.064465613100000E+00   8.855935575500000E-01   8.492677159399999E-01   5.234351471299999E-01   2.821739826800000E+00
  -5.036785374000000E+00   2.684674366700000E+01  -7.055929669900000E+00   8.860137992100000E-01   8.491411799800000E-01   5.227590037199999E-01   2.748328863500000E+00
  -5.082934522500000E+00   2.689525713600000E+01  -7.047124639600000E+00   8.864352624200000E-01   8.490171482900000E-01   5.220849022300000E-01   2.674980902700000E+00
  -5.129165558400000E+00   2.694375914600000E+01  -7.038102184000000E+00   8.868581319400000E-01   8.488956713400000E-01   5.214127798000000E-01   2.601696051200000E+00
  -5.175478061000000E+00   2.699224963100000E+01  -7.028851785800000E+00   8.872822544500000E-01   8.487767238500000E-01   5.207426809100000E-01   2.528474406200000E+00
  -5.221871607700000E+00   2.704072852000000E+01  -7.019359369600000E+00   8.877076251500000E-01   8.486602729700000E-01   5.200746173100000E-01   2.455316055000000E+00
  -5.268345773300000E+00   2.708919573900000E+01  -7.009648771300000E+00   8.881340761900000E-01   8.485464911700000E-01   5.194086002200000E-01   2.382221074900000E+00
  -5.314900131200000E+00   2.713765120900000E+01  -6.999667031000000E+00   8.885616752700000E-01   8.484353251300000E-01   5.187446406400000E-01   2.309189533400000E+00
  -5.361534252600000E+00   2.718609484800000E+01  -6.989478839900000E+00   8.889902094400000E-01   8.483266620700000E-01   5.180827340400000E-01   2.236221487800000E+00
  -5.408247707600000E+00   2.723452656700000E+01  -6.979051592000000E+00   8.894201689700000E-01   8.482205605200001E-01   5.174229193500000E-01   2.163316985400000E+00
  -5.455040065000000E+00   2.728294627600000E+01  -6.968377749700000E+00   8.898512211800000E-01   8.481171815600000E-01   5.167651937900000E-01   2.090476063200000E+00
  -5.501910892600000E+00   2.733135387900000E+01  -6.957491180900000E+00   8.902832408100000E-01   8.480164036600000E-01   5.161095969000000E-01   2.017698748100000E+00
  -5.548859757500000E+00   2.737974927600000E+01  -6.946365562500000E+00   8.907161087500000E-01   8.479181719900000E-01   5.154560824100000E-01   1.944985056800000E+00
  -5.595886226300000E+00   2.742813236400000E+01  -6.935021162200000E+00   8.911499042500000E-01   8.478225283700001E-01   5.148046856800000E-01   1.872334995600000E+00
  -5.642989865200000E+00   2.747650303500000E+01  -6.923449171100000E+00   8.915848044400000E-01   8.477294895200000E-01   5.141553896300000E-01   1.799748560600000E+00
  -5.690170240400000E+00   2.752486117700000E+01  -6.911652704600000E+00   8.920206019400000E-01   8.476391085700000E-01   5.135082586300000E-01   1.727225737500000E+00
  -5.737426918200000E+00   2.757320667700000E+01  -6.899641626700000E+00   8.924572130100000E-01   8.475513195800000E-01   5.128632712300000E-01   1.654766501900000E+00
  -5.784759465400000E+00   2.762153941400000E+01  -6.887389663000000E+00   8.928945075100000E-01   8.474661205900000E-01   5.122204561400000E-01   1.582370818900000E+00
  -5.832167449200000E+00   2.766985926700000E+01  -6.874935293500000E+00   8.933326627000000E-01   8.473835503400000E-01   5.115797781200000E-01   1.510038643300000E+00
  -5.879650437700000E+00   2.771816610900000E+01  -6.862270970300000E+00   8.937715142700000E-01   8.473035687400000E-01   5.109412675100000E-01   1.437769919700000E+00
  -5.927208000100000E+00   2.776645981200000E+01  -6.849354121900000E+00   8.942110239800000E-01   8.472261542300000E-01   5.103048941900000E-01   1.365564582500000E+00
  -5.974839706600000E+00   2.781474024200000E+01  -6.836226723500000E+00   8.946511343200000E-01   8.471514107600000E-01   5.096707388300000E-01   1.293422555600000E+00
  -6.022545129100000E+00   2.786300726300000E+01  -6.822894319200000E+00   8.950918219500000E-01   8.470792447500000E-01   5.090387721700000E-01   1.221343753200000E+00
  -6.070323840900000E+00   2.791126073700000E+01  -6.809349523500000E+00   8.955331461200000E-01   8.470096198600000E-01   5.084090399900000E-01   1.149328078800000E+00
  -6.118175417300000E+00   2.795950052000000E+01  -6.795599748100000E+00   8.959749847200000E-01   8.469426309400000E-01   5.077814685199999E-01   1.077375426300000E+00
  -6.166099435600000E+00   2.800772646700000E+01  -6.781650555900000E+00   8.964172808600001E-01   8.468782012600000E-01   5.071561031100000E-01   1.005485679500000E+00
  -6.214095475100000E+00   2.805593843000000E+01  -6.767470018300000E+00   8.968599537800001E-01   8.468163251000000E-01   5.065329510100000E-01   9.336587120299999E-01
  -6.262163117800000E+00   2.810413625800000E+01  -6.753113086600000E+00   8.973030232300000E-01   8.467570114600000E-01   5.059120132600000E-01   8.618943879800000E-01
  -6.310301948200000E+00   2.815231979700000E+01  -6.738514330700000E+00   8.977464294400000E-01   8.467002319300000E-01   5.052932966300000E-01   7.901925615299999E-01
  -6.358511553400000E+00   2.820048889000000E+01  -6.723734153400000E+00   8.981903043800000E-01   8.466460034900000E-01   5.046767858300000E-01   7.185530772499999E-01
  -6.406791523800000E+00   2.824864337700000E+01  -6.708738880700000E+00   8.986343010800000E-01   8.465942773700000E-01   5.040625229000000E-01   6.469757701900000E-01
  -6.455141452400000E+00   2.829678309800000E+01  -6.693556260900000E+00   8.990786399500000E-01   8.465450534500000E-01   5.034504932000000E-01   5.754604659500000E-01
  -6.503560936000000E+00   2.834490788700000E+01  -6.678205571100000E+00   8.995233437300000E-01   8.464984232300000E-01   5.028407168000000E-01   5.040069808099999E-01
  -6.552049574400000E+00   2.839301757800000E+01  -6.662636159300000E+00   8.999681559500000E-01   8.464542164700000E-01   5.022331681400000E-01   4.326151219100000E-01
  -6.600606971400000E+00   2.844111200200000E+01  -6.646859965600000E+00   9.004130652700000E-01   8.464124731800000E-01   5.016278628200000E-01   3.612846873400000E-01
  -6.649232734100000E+00   2.848919098900000E+01  -6.630907155000000E+00   9.008580211500000E-01   8.463731984900000E-01   5.010248025000000E-01   2.900154662800000E-01
  -6.697926473900000E+00   2.853725436600000E+01  -6.614783879300000E+00   9.013030185300001E-01   8.463363464100000E-01   5.004239880900000E-01   2.188072391900000E-01
  -6.746687788200000E+00   2.858530193900000E+01  -6.598486880400000E+00   9.017479940100001E-01   8.463019134400001E-01   4.998254238300000E-01   1.476598039700000E-01
  -6.783760805300000E+00   2.862177738800000E+01  -6.585950737100000E+00   9.020855793800000E-01   8.462775057400000E-01   4.993724027300000E-01   9.367270302300000E-02
  -6.808497590700000E+00   2.864608919100000E+01  -6.577560251700000E+00   9.023107634100000E-01   8.462619385400000E-01   4.990711050500000E-01   5.770065525800000E-02
  -6.824998283100000E+00   2.866229475400000E+01  -6.571942609600000E+00   9.024609648200000E-01   8.462518995900000E-01   4.988705608200000E-01   3.372787029100000E-02
  -6.836002959900000E+00   2.867309743400000E+01  -6.568168868800000E+00   9.025612481300000E-01   8.462453050800000E-01   4.987370024800000E-01   1.774982075700000E-02
  -6.843341282200000E+00   2.868029876200000E+01  -6.565659210300000E+00   9.026279611900000E-01   8.462410065300000E-01   4.986480309000000E-01   7.099477896900000E-03
  -6.848234328000000E+00   2.868509944300000E+01  -6.563984021500000E+00   9.026724348400000E-01   8.462381704500000E-01   4.985887446900000E-01   0.000000000000000E+00
  -6.853128038100000E+00   2.868989996200000E+01  -6.562307169200000E+00   9.027169070800000E-01   8.462353580400001E-01   4.985294810300000E-01  -7.098877797500000E-03
  -6.860469848200000E+00   2.869710043200000E+01  -6.559788776800000E+00   9.027836126900000E-01   8.462311837800000E-01   4.984406278200000E-01  -1.774607008700000E-02
  -6.871485362200000E+00   2.870790044700000E+01  -6.555992484400000E+00   9.028838006700000E-01   8.462251030400000E-01   4.983074503500000E-01  -3.371433036600000E-02
  -6.888014922800000E+00   2.872409891200000E+01  -6.550281737600000E+00   9.030339264700000E-01   8.462160975000000E-01   4.981078864100000E-01  -5.766103893200000E-02
  -6.912823388500000E+00   2.874839309000000E+01  -6.541680496800000E+00   9.032590778400000E-01   8.462030914000001E-01   4.978090221000000E-01  -9.356833970200000E-02
  -6.950067779800000E+00   2.878482639900000E+01  -6.528699888100000E+00   9.035966992700000E-01   8.461846923400000E-01   4.973618092800000E-01  -1.474006515400000E-01
  -6.999171673400000E+00   2.883278973200000E+01  -6.511465335800000E+00   9.040411347400000E-01   8.461625664000000E-01   4.967748712400000E-01  -2.182386979200000E-01
  -7.048340904600000E+00   2.888073618000000E+01  -6.494071909200000E+00   9.044853110600000E-01   8.461427501700000E-01   4.961901891100000E-01  -2.890175868500000E-01
  -7.097575103600000E+00   2.892866553900000E+01  -6.476515125500000E+00   9.049292352600000E-01   8.461252244800000E-01   4.956077609200000E-01  -3.597375775800000E-01
  -7.146873923100000E+00   2.897657762100000E+01  -6.458776483400000E+00   9.053728138500000E-01   8.461099693000000E-01   4.950275981600000E-01  -4.303989615900000E-01
  -7.196237021000000E+00   2.902447223600000E+01  -6.440861379400000E+00   9.058160210700000E-01   8.460969635900000E-01   4.944496909900000E-01  -5.010020372300000E-01
  -7.245664060000000E+00   2.907234919300000E+01  -6.422800020800000E+00   9.062588813200000E-01   8.460861884400001E-01   4.938739943900000E-01  -5.715471094900000E-01
  -7.295154708500000E+00   2.912020830100000E+01  -6.404597332000000E+00   9.067014692199999E-01   8.460776186800000E-01   4.933006033600000E-01  -6.420344898100000E-01
  -7.344708639800000E+00   2.916804936600000E+01  -6.386242396200000E+00   9.071435772100001E-01   8.460712338500000E-01   4.927294649900000E-01  -7.124644958100000E-01
  -7.394325532900000E+00   2.921587219600000E+01  -6.367687653000000E+00   9.075848582000000E-01   8.460671551900000E-01   4.921605922600000E-01  -7.828374511500000E-01
  -7.444005072200000E+00   2.926367659400000E+01  -6.349024161100000E+00   9.080259285000000E-01   8.460651083400000E-01   4.915939428400000E-01  -8.531536852100000E-01
  -7.493746947400000E+00   2.931146236400000E+01  -6.330224915500000E+00   9.084665569300000E-01   8.460651777200000E-01   4.910295400500000E-01  -9.234135328999999E-01
  -7.500000000000000E+00   2.931746396900000E+01  -6.327824790400000E+00   9.085220087500000E-01   8.460653777200000E-01   4.909588067700000E-01  -9.322357271700000E-01

